solid AssimpScene
 facet normal -nan -nan -nan
  outer loop
  vertex -7.63561 -2.12218 4.4159
  vertex -7.48384 -2.20971 4.0471
  vertex -7.72032 -2.22253 4.1011
  endloop
 endfacet

 facet normal -nan -nan -nan
  outer loop
  vertex -7.72032 -2.22253 4.1011
  vertex -7.48384 -2.20971 4.0471
  vertex -7.63561 -2.12218 4.4159
  endloop
 endfacet

 facet normal -nan -nan -nan
  outer loop
  vertex -7.87332 -2.13193 4.4736
  vertex -7.63561 -2.12218 4.4159
  vertex -7.72032 -2.22253 4.1011
  endloop
 endfacet

 facet normal -nan -nan -nan
  outer loop
  vertex -7.72032 -2.22253 4.1011
  vertex -7.63561 -2.12218 4.4159
  vertex -7.87332 -2.13193 4.4736
  endloop
 endfacet

 facet normal -nan -nan -nan
  outer loop
  vertex -7.63561 -2.12218 4.4159
  vertex -7.46914 -2.13551 4.2603
  vertex -7.48384 -2.20971 4.0471
  endloop
 endfacet

 facet normal -nan -nan -nan
  outer loop
  vertex -7.48384 -2.20971 4.0471
  vertex -7.46914 -2.13551 4.2603
  vertex -7.63561 -2.12218 4.4159
  endloop
 endfacet

 facet normal -nan -nan -nan
  outer loop
  vertex -7.78529 -2.02061 4.7825
  vertex -7.63561 -2.12218 4.4159
  vertex -7.87332 -2.13193 4.4736
  endloop
 endfacet

 facet normal -nan -nan -nan
  outer loop
  vertex -7.87332 -2.13193 4.4736
  vertex -7.63561 -2.12218 4.4159
  vertex -7.78529 -2.02061 4.7825
  endloop
 endfacet

 facet normal -nan -nan -nan
  outer loop
  vertex -7.78529 -2.02061 4.7825
  vertex -7.46914 -2.13551 4.2603
  vertex -7.63561 -2.12218 4.4159
  endloop
 endfacet

 facet normal -nan -nan -nan
  outer loop
  vertex -7.63561 -2.12218 4.4159
  vertex -7.46914 -2.13551 4.2603
  vertex -7.78529 -2.02061 4.7825
  endloop
 endfacet

 facet normal -0.785102 0.117356 0.608147
  outer loop
  vertex -7.72032 -2.22253 4.1011
  vertex -7.48384 -2.20971 4.0471
  vertex -7.40953 -2.36404 3.3527
  endloop
 endfacet

 facet normal -0.785102 0.117356 0.608147
  outer loop
  vertex -7.40953 -2.36404 3.3527
  vertex -7.48384 -2.20971 4.0471
  vertex -7.72032 -2.22253 4.1011
  endloop
 endfacet

 facet normal -0.756276 -0.296556 0.583182
  outer loop
  vertex -7.48384 -2.20971 4.0471
  vertex -7.17698 -2.34406 3.3076
  vertex -7.40953 -2.36404 3.3527
  endloop
 endfacet

 facet normal -0.756276 -0.296556 0.583182
  outer loop
  vertex -7.40953 -2.36404 3.3527
  vertex -7.17698 -2.34406 3.3076
  vertex -7.48384 -2.20971 4.0471
  endloop
 endfacet

 facet normal -0.123073 -0.662573 0.738816
  outer loop
  vertex -7.46914 -2.13551 4.2603
  vertex -7.12973 -2.29509 3.4505
  vertex -7.48384 -2.20971 4.0471
  endloop
 endfacet

 facet normal -0.123073 -0.662573 0.738816
  outer loop
  vertex -7.48384 -2.20971 4.0471
  vertex -7.12973 -2.29509 3.4505
  vertex -7.46914 -2.13551 4.2603
  endloop
 endfacet

 facet normal -0.413237 -0.294171 0.861799
  outer loop
  vertex -7.48384 -2.20971 4.0471
  vertex -7.12973 -2.29509 3.4505
  vertex -7.17698 -2.34406 3.3076
  endloop
 endfacet

 facet normal -0.413237 -0.294171 0.861799
  outer loop
  vertex -7.17698 -2.34406 3.3076
  vertex -7.12973 -2.29509 3.4505
  vertex -7.48384 -2.20971 4.0471
  endloop
 endfacet

 facet normal -0.78793 0.611126 0.0754321
  outer loop
  vertex -7.72032 -2.22253 4.1011
  vertex -7.40953 -2.36404 3.3527
  vertex -7.62745 -2.31933 3.6138
  endloop
 endfacet

 facet normal -0.78793 0.611126 0.0754321
  outer loop
  vertex -7.62745 -2.31933 3.6138
  vertex -7.40953 -2.36404 3.3527
  vertex -7.72032 -2.22253 4.1011
  endloop
 endfacet

 facet normal 0.212656 0.962174 -0.170292
  outer loop
  vertex -7.87332 -2.13193 4.4736
  vertex -7.72032 -2.22253 4.1011
  vertex -7.96391 -2.14349 4.4219
  endloop
 endfacet

 facet normal 0.212656 0.962174 -0.170292
  outer loop
  vertex -7.96391 -2.14349 4.4219
  vertex -7.72032 -2.22253 4.1011
  vertex -7.87332 -2.13193 4.4736
  endloop
 endfacet

 facet normal -0.080579 0.974622 -0.208853
  outer loop
  vertex -7.96391 -2.14349 4.4219
  vertex -7.72032 -2.22253 4.1011
  vertex -7.62745 -2.31933 3.6138
  endloop
 endfacet

 facet normal -0.080579 0.974622 -0.208853
  outer loop
  vertex -7.62745 -2.31933 3.6138
  vertex -7.72032 -2.22253 4.1011
  vertex -7.96391 -2.14349 4.4219
  endloop
 endfacet

 facet normal -0.584585 -0.777152 0.233012
  outer loop
  vertex -7.40953 -2.36404 3.3527
  vertex -7.17698 -2.34406 3.3076
  vertex -7.09474 -2.46252 2.6033
  endloop
 endfacet

 facet normal -0.584585 -0.777152 0.233012
  outer loop
  vertex -7.09474 -2.46252 2.6033
  vertex -7.17698 -2.34406 3.3076
  vertex -7.40953 -2.36404 3.3527
  endloop
 endfacet

 facet normal -0.826495 0.537726 0.166605
  outer loop
  vertex -7.62745 -2.31933 3.6138
  vertex -7.40953 -2.36404 3.3527
  vertex -7.30489 -2.43414 2.8473
  endloop
 endfacet

 facet normal -0.826495 0.537726 0.166605
  outer loop
  vertex -7.30489 -2.43414 2.8473
  vertex -7.40953 -2.36404 3.3527
  vertex -7.62745 -2.31933 3.6138
  endloop
 endfacet

 facet normal -0.687391 -0.709002 0.157512
  outer loop
  vertex -7.40953 -2.36404 3.3527
  vertex -7.09474 -2.46252 2.6033
  vertex -7.30489 -2.43414 2.8473
  endloop
 endfacet

 facet normal -0.687391 -0.709002 0.157511
  outer loop
  vertex -7.30489 -2.43414 2.8473
  vertex -7.09474 -2.46252 2.6033
  vertex -7.40953 -2.36404 3.3527
  endloop
 endfacet

 facet normal -0.241217 -0.945126 0.220345
  outer loop
  vertex -7.17698 -2.34406 3.3076
  vertex -6.86821 -2.43588 2.5725
  vertex -7.09474 -2.46252 2.6033
  endloop
 endfacet

 facet normal -0.241217 -0.945126 0.220345
  outer loop
  vertex -7.09474 -2.46252 2.6033
  vertex -6.86821 -2.43588 2.5725
  vertex -7.17698 -2.34406 3.3076
  endloop
 endfacet

 facet normal 0.394657 -0.159196 0.904932
  outer loop
  vertex -7.12973 -2.29509 3.4505
  vertex -6.7873 -2.4013 2.6416
  vertex -7.17698 -2.34406 3.3076
  endloop
 endfacet

 facet normal 0.394657 -0.159196 0.904932
  outer loop
  vertex -7.17698 -2.34406 3.3076
  vertex -6.7873 -2.4013 2.6416
  vertex -7.12973 -2.29509 3.4505
  endloop
 endfacet

 facet normal 0.286958 -0.546828 0.786533
  outer loop
  vertex -7.17698 -2.34406 3.3076
  vertex -6.7873 -2.4013 2.6416
  vertex -6.86821 -2.43588 2.5725
  endloop
 endfacet

 facet normal 0.286958 -0.546828 0.786533
  outer loop
  vertex -6.86821 -2.43588 2.5725
  vertex -6.7873 -2.4013 2.6416
  vertex -7.17698 -2.34406 3.3076
  endloop
 endfacet

 facet normal 0.184032 -0.982899 0.00643495
  outer loop
  vertex -7.09474 -2.46252 2.6033
  vertex -6.86821 -2.43588 2.5725
  vertex -6.77819 -2.52906 1.8571
  endloop
 endfacet

 facet normal 0.184032 -0.982899 0.00643495
  outer loop
  vertex -6.77819 -2.52906 1.8571
  vertex -6.86821 -2.43588 2.5725
  vertex -7.09474 -2.46252 2.6033
  endloop
 endfacet

 facet normal 0.206932 -0.974766 0.0837263
  outer loop
  vertex -6.86821 -2.43588 2.5725
  vertex -6.5587 -2.49971 1.8426
  vertex -6.77819 -2.52906 1.8571
  endloop
 endfacet

 facet normal 0.206932 -0.974766 0.0837263
  outer loop
  vertex -6.77819 -2.52906 1.8571
  vertex -6.5587 -2.49971 1.8426
  vertex -6.86821 -2.43588 2.5725
  endloop
 endfacet

 facet normal 0.656252 -0.741656 0.138854
  outer loop
  vertex -6.7873 -2.4013 2.6416
  vertex -6.5587 -2.49971 1.8426
  vertex -6.86821 -2.43588 2.5725
  endloop
 endfacet

 facet normal 0.656252 -0.741656 0.138854
  outer loop
  vertex -6.86821 -2.43588 2.5725
  vertex -6.5587 -2.49971 1.8426
  vertex -6.7873 -2.4013 2.6416
  endloop
 endfacet

 facet normal -0.229963 0.970356 -0.0743368
  outer loop
  vertex -7.30489 -2.43414 2.8473
  vertex -7.09474 -2.46252 2.6033
  vertex -7.03878 -2.49998 2.22
  endloop
 endfacet

 facet normal -0.229963 0.970356 -0.0743368
  outer loop
  vertex -7.03878 -2.49998 2.22
  vertex -7.09474 -2.46252 2.6033
  vertex -7.30489 -2.43414 2.8473
  endloop
 endfacet

 facet normal 0.300233 -0.940219 -0.160776
  outer loop
  vertex -7.09474 -2.46252 2.6033
  vertex -6.77819 -2.52906 1.8571
  vertex -7.03878 -2.49998 2.22
  endloop
 endfacet

 facet normal 0.300233 -0.940219 -0.160776
  outer loop
  vertex -7.03878 -2.49998 2.22
  vertex -6.77819 -2.52906 1.8571
  vertex -7.09474 -2.46252 2.6033
  endloop
 endfacet

 facet normal -0.650179 0.756555 0.0699468
  outer loop
  vertex -7.62745 -2.31933 3.6138
  vertex -7.30489 -2.43414 2.8473
  vertex -7.71734 -2.30021 3.5719
  endloop
 endfacet

 facet normal -0.650179 0.756555 0.0699467
  outer loop
  vertex -7.71734 -2.30021 3.5719
  vertex -7.30489 -2.43414 2.8473
  vertex -7.62745 -2.31933 3.6138
  endloop
 endfacet

 facet normal -0.505782 0.855004 0.114683
  outer loop
  vertex -7.71734 -2.30021 3.5719
  vertex -7.30489 -2.43414 2.8473
  vertex -7.39307 -2.41407 2.8068
  endloop
 endfacet

 facet normal -0.505782 0.855004 0.114683
  outer loop
  vertex -7.39307 -2.41407 2.8068
  vertex -7.30489 -2.43414 2.8473
  vertex -7.71734 -2.30021 3.5719
  endloop
 endfacet

 facet normal -0.145297 0.988046 0.0515125
  outer loop
  vertex -7.30489 -2.43414 2.8473
  vertex -7.03878 -2.49998 2.22
  vertex -7.39307 -2.41407 2.8068
  endloop
 endfacet

 facet normal -0.145297 0.988046 0.0515125
  outer loop
  vertex -7.39307 -2.41407 2.8068
  vertex -7.03878 -2.49998 2.22
  vertex -7.30489 -2.43414 2.8473
  endloop
 endfacet

 facet normal 0.0781596 0.937948 -0.337852
  outer loop
  vertex -7.96391 -2.14349 4.4219
  vertex -7.62745 -2.31933 3.6138
  vertex -8.0561 -2.12581 4.3782
  endloop
 endfacet

 facet normal 0.0781595 0.937948 -0.337852
  outer loop
  vertex -8.0561 -2.12581 4.3782
  vertex -7.62745 -2.31933 3.6138
  vertex -7.96391 -2.14349 4.4219
  endloop
 endfacet

 facet normal -0.50516 0.853366 -0.128761
  outer loop
  vertex -8.0561 -2.12581 4.3782
  vertex -7.62745 -2.31933 3.6138
  vertex -7.71734 -2.30021 3.5719
  endloop
 endfacet

 facet normal -0.50516 0.853366 -0.128761
  outer loop
  vertex -7.71734 -2.30021 3.5719
  vertex -7.62745 -2.31933 3.6138
  vertex -8.0561 -2.12581 4.3782
  endloop
 endfacet

 facet normal 0.68074 0.663092 -0.311291
  outer loop
  vertex -8.02478 -2.02683 4.8441
  vertex -7.87332 -2.13193 4.4736
  vertex -7.96391 -2.14349 4.4219
  endloop
 endfacet

 facet normal 0.68074 0.663092 -0.311291
  outer loop
  vertex -7.96391 -2.14349 4.4219
  vertex -7.87332 -2.13193 4.4736
  vertex -8.02478 -2.02683 4.8441
  endloop
 endfacet

 facet normal 0.879684 -0.108306 -0.463061
  outer loop
  vertex -8.31848 -1.87588 5.2871
  vertex -8.02478 -2.02683 4.8441
  vertex -7.96391 -2.14349 4.4219
  endloop
 endfacet

 facet normal 0.879684 -0.108306 -0.463061
  outer loop
  vertex -7.96391 -2.14349 4.4219
  vertex -8.02478 -2.02683 4.8441
  vertex -8.31848 -1.87588 5.2871
  endloop
 endfacet

 facet normal 0.7423 0.468647 -0.478916
  outer loop
  vertex -8.41382 -1.85952 5.242
  vertex -7.96391 -2.14349 4.4219
  vertex -8.0561 -2.12581 4.3782
  endloop
 endfacet

 facet normal 0.7423 0.468647 -0.478916
  outer loop
  vertex -8.0561 -2.12581 4.3782
  vertex -7.96391 -2.14349 4.4219
  vertex -8.41382 -1.85952 5.242
  endloop
 endfacet

 facet normal 0.795842 -0.462848 -0.390393
  outer loop
  vertex -8.31848 -1.87588 5.2871
  vertex -7.96391 -2.14349 4.4219
  vertex -8.41382 -1.85952 5.242
  endloop
 endfacet

 facet normal 0.795842 -0.462848 -0.390393
  outer loop
  vertex -8.41382 -1.85952 5.242
  vertex -7.96391 -2.14349 4.4219
  vertex -8.31848 -1.87588 5.2871
  endloop
 endfacet

 facet normal 0.376272 0.858605 -0.348161
  outer loop
  vertex -8.02478 -2.02683 4.8441
  vertex -7.78529 -2.02061 4.7825
  vertex -7.87332 -2.13193 4.4736
  endloop
 endfacet

 facet normal 0.376272 0.858605 -0.348161
  outer loop
  vertex -7.87332 -2.13193 4.4736
  vertex -7.78529 -2.02061 4.7825
  vertex -8.02478 -2.02683 4.8441
  endloop
 endfacet

 facet normal 0.260406 0.937395 -0.231256
  outer loop
  vertex -7.93219 -1.90494 5.1463
  vertex -7.78529 -2.02061 4.7825
  vertex -8.02478 -2.02683 4.8441
  endloop
 endfacet

 facet normal 0.260406 0.937395 -0.231256
  outer loop
  vertex -8.02478 -2.02683 4.8441
  vertex -7.78529 -2.02061 4.7825
  vertex -7.93219 -1.90494 5.1463
  endloop
 endfacet

 facet normal 0.923371 0.0619021 0.378886
  outer loop
  vertex -8.17398 -1.90704 5.2129
  vertex -7.93219 -1.90494 5.1463
  vertex -8.02478 -2.02683 4.8441
  endloop
 endfacet

 facet normal 0.923371 0.0619021 0.378886
  outer loop
  vertex -8.02478 -2.02683 4.8441
  vertex -7.93219 -1.90494 5.1463
  vertex -8.17398 -1.90704 5.2129
  endloop
 endfacet

 facet normal 0.607796 -0.793923 -0.0164337
  outer loop
  vertex -8.31848 -1.87588 5.2871
  vertex -8.17398 -1.90704 5.2129
  vertex -8.02478 -2.02683 4.8441
  endloop
 endfacet

 facet normal 0.607796 -0.793923 -0.0164337
  outer loop
  vertex -8.02478 -2.02683 4.8441
  vertex -8.17398 -1.90704 5.2129
  vertex -8.31848 -1.87588 5.2871
  endloop
 endfacet

 facet normal -0.434955 -0.722312 -0.537661
  outer loop
  vertex -7.80117 -1.90817 5.0638
  vertex -7.46914 -2.13551 4.2603
  vertex -7.78529 -2.02061 4.7825
  endloop
 endfacet

 facet normal -0.434955 -0.722312 -0.537661
  outer loop
  vertex -7.78529 -2.02061 4.7825
  vertex -7.46914 -2.13551 4.2603
  vertex -7.80117 -1.90817 5.0638
  endloop
 endfacet

 facet normal -0.282083 0.773037 -0.568192
  outer loop
  vertex -7.93219 -1.90494 5.1463
  vertex -7.80117 -1.90817 5.0638
  vertex -7.78529 -2.02061 4.7825
  endloop
 endfacet

 facet normal -0.282083 0.773037 -0.568192
  outer loop
  vertex -7.78529 -2.02061 4.7825
  vertex -7.80117 -1.90817 5.0638
  vertex -7.93219 -1.90494 5.1463
  endloop
 endfacet

 facet normal -0.129126 0.904029 0.407501
  outer loop
  vertex -8.07569 -1.7753 5.5064
  vertex -7.80117 -1.90817 5.0638
  vertex -7.93219 -1.90494 5.1463
  endloop
 endfacet

 facet normal -0.129126 0.904029 0.407501
  outer loop
  vertex -7.93219 -1.90494 5.1463
  vertex -7.80117 -1.90817 5.0638
  vertex -8.07569 -1.7753 5.5064
  endloop
 endfacet

 facet normal -0.0682625 0.470772 0.87961
  outer loop
  vertex -8.07569 -1.7753 5.5064
  vertex -7.93219 -1.90494 5.1463
  vertex -8.17398 -1.90704 5.2129
  endloop
 endfacet

 facet normal -0.0682626 0.470772 0.87961
  outer loop
  vertex -8.17398 -1.90704 5.2129
  vertex -7.93219 -1.90494 5.1463
  vertex -8.07569 -1.7753 5.5064
  endloop
 endfacet

 facet normal -0.00390809 -0.973656 -0.227988
  outer loop
  vertex -8.31988 -1.77243 5.5787
  vertex -8.17398 -1.90704 5.2129
  vertex -8.31848 -1.87588 5.2871
  endloop
 endfacet

 facet normal -0.00390809 -0.973656 -0.227988
  outer loop
  vertex -8.31848 -1.87588 5.2871
  vertex -8.17398 -1.90704 5.2129
  vertex -8.31988 -1.77243 5.5787
  endloop
 endfacet

 facet normal -0.538163 0.551647 0.637233
  outer loop
  vertex -8.31988 -1.77243 5.5787
  vertex -8.07569 -1.7753 5.5064
  vertex -8.17398 -1.90704 5.2129
  endloop
 endfacet

 facet normal -0.538163 0.551647 0.637233
  outer loop
  vertex -8.17398 -1.90704 5.2129
  vertex -8.07569 -1.7753 5.5064
  vertex -8.31988 -1.77243 5.5787
  endloop
 endfacet

 facet normal -0.329759 -0.124907 -0.935765
  outer loop
  vertex -8.46143 -1.62365 5.9401
  vertex -8.31988 -1.77243 5.5787
  vertex -8.31848 -1.87588 5.2871
  endloop
 endfacet

 facet normal -0.329759 -0.124907 -0.935765
  outer loop
  vertex -8.31848 -1.87588 5.2871
  vertex -8.31988 -1.77243 5.5787
  vertex -8.46143 -1.62365 5.9401
  endloop
 endfacet

 facet normal -0.878536 0.449231 0.162373
  outer loop
  vertex -8.21509 -1.63204 5.8623
  vertex -8.07569 -1.7753 5.5064
  vertex -8.31988 -1.77243 5.5787
  endloop
 endfacet

 facet normal -0.878536 0.449231 0.162373
  outer loop
  vertex -8.31988 -1.77243 5.5787
  vertex -8.07569 -1.7753 5.5064
  vertex -8.21509 -1.63204 5.8623
  endloop
 endfacet

 facet normal -0.616106 -0.137965 -0.775486
  outer loop
  vertex -8.46143 -1.62365 5.9401
  vertex -8.21509 -1.63204 5.8623
  vertex -8.31988 -1.77243 5.5787
  endloop
 endfacet

 facet normal -0.616106 -0.137965 -0.775486
  outer loop
  vertex -8.31988 -1.77243 5.5787
  vertex -8.21509 -1.63204 5.8623
  vertex -8.46143 -1.62365 5.9401
  endloop
 endfacet

 facet normal 0.421648 -0.112834 -0.899712
  outer loop
  vertex -8.11766 -1.61402 5.8503
  vertex -7.80117 -1.90817 5.0638
  vertex -8.07569 -1.7753 5.5064
  endloop
 endfacet

 facet normal 0.421648 -0.112834 -0.899712
  outer loop
  vertex -8.07569 -1.7753 5.5064
  vertex -7.80117 -1.90817 5.0638
  vertex -8.11766 -1.61402 5.8503
  endloop
 endfacet

 facet normal 0.0901686 -0.806888 -0.583781
  outer loop
  vertex -8.21509 -1.63204 5.8623
  vertex -8.11766 -1.61402 5.8503
  vertex -8.07569 -1.7753 5.5064
  endloop
 endfacet

 facet normal 0.0901686 -0.806888 -0.583781
  outer loop
  vertex -8.07569 -1.7753 5.5064
  vertex -8.11766 -1.61402 5.8503
  vertex -8.21509 -1.63204 5.8623
  endloop
 endfacet

 facet normal 0.710122 -0.664513 -0.232701
  outer loop
  vertex -8.34976 -1.47525 6.2135
  vertex -8.11766 -1.61402 5.8503
  vertex -8.21509 -1.63204 5.8623
  endloop
 endfacet

 facet normal 0.710122 -0.664513 -0.232701
  outer loop
  vertex -8.21509 -1.63204 5.8623
  vertex -8.11766 -1.61402 5.8503
  vertex -8.34976 -1.47525 6.2135
  endloop
 endfacet

 facet normal 0.13713 -0.934889 -0.327382
  outer loop
  vertex -8.34976 -1.47525 6.2135
  vertex -8.21509 -1.63204 5.8623
  vertex -8.46143 -1.62365 5.9401
  endloop
 endfacet

 facet normal 0.13713 -0.934889 -0.327382
  outer loop
  vertex -8.46143 -1.62365 5.9401
  vertex -8.21509 -1.63204 5.8623
  vertex -8.34976 -1.47525 6.2135
  endloop
 endfacet

 facet normal 0.759752 0.442008 -0.476871
  outer loop
  vertex -8.41088 -1.25555 6.614
  vertex -8.11766 -1.61402 5.8503
  vertex -8.34976 -1.47525 6.2135
  endloop
 endfacet

 facet normal 0.759752 0.442008 -0.476871
  outer loop
  vertex -8.34976 -1.47525 6.2135
  vertex -8.11766 -1.61402 5.8503
  vertex -8.41088 -1.25555 6.614
  endloop
 endfacet

 facet normal 0.971203 0 -0.238255
  outer loop
  vertex -8.59793 -1.46105 6.2967
  vertex -8.34976 -1.47525 6.2135
  vertex -8.46143 -1.62365 5.9401
  endloop
 endfacet

 facet normal 0.971203 0 -0.238255
  outer loop
  vertex -8.46143 -1.62365 5.9401
  vertex -8.34976 -1.47525 6.2135
  vertex -8.59793 -1.46105 6.2967
  endloop
 endfacet

 facet normal 0.560209 0.821395 -0.107124
  outer loop
  vertex -8.41088 -1.25555 6.614
  vertex -8.34976 -1.47525 6.2135
  vertex -8.47891 -1.30525 6.5599
  endloop
 endfacet

 facet normal 0.560209 0.821395 -0.107124
  outer loop
  vertex -8.47891 -1.30525 6.5599
  vertex -8.34976 -1.47525 6.2135
  vertex -8.41088 -1.25555 6.614
  endloop
 endfacet

 facet normal 0.901048 0.41084 0.139007
  outer loop
  vertex -8.47891 -1.30525 6.5599
  vertex -8.34976 -1.47525 6.2135
  vertex -8.59793 -1.46105 6.2967
  endloop
 endfacet

 facet normal 0.901048 0.41084 0.139007
  outer loop
  vertex -8.59793 -1.46105 6.2967
  vertex -8.34976 -1.47525 6.2135
  vertex -8.47891 -1.30525 6.5599
  endloop
 endfacet

 facet normal -0.159011 0.652446 -0.740966
  outer loop
  vertex -8.41088 -1.25555 6.614
  vertex -8.00958 -1.53813 5.8618
  vertex -8.11766 -1.61402 5.8503
  endloop
 endfacet

 facet normal -0.159011 0.652446 -0.740966
  outer loop
  vertex -8.11766 -1.61402 5.8503
  vertex -8.00958 -1.53813 5.8618
  vertex -8.41088 -1.25555 6.614
  endloop
 endfacet

 facet normal -0.516627 0.828415 -0.216393
  outer loop
  vertex -8.30481 -1.18575 6.6178
  vertex -8.00958 -1.53813 5.8618
  vertex -8.41088 -1.25555 6.614
  endloop
 endfacet

 facet normal -0.516627 0.828415 -0.216393
  outer loop
  vertex -8.41088 -1.25555 6.614
  vertex -8.00958 -1.53813 5.8618
  vertex -8.30481 -1.18575 6.6178
  endloop
 endfacet

 facet normal -0.406527 0.900973 -0.151604
  outer loop
  vertex -8.6741 -0.83325 7.3534
  vertex -8.30481 -1.18575 6.6178
  vertex -8.41088 -1.25555 6.614
  endloop
 endfacet

 facet normal -0.406527 0.900973 -0.151604
  outer loop
  vertex -8.41088 -1.25555 6.614
  vertex -8.30481 -1.18575 6.6178
  vertex -8.6741 -0.83325 7.3534
  endloop
 endfacet

 facet normal 0.266912 0.828848 -0.4917
  outer loop
  vertex -8.60219 -1.12205 6.9016
  vertex -8.41088 -1.25555 6.614
  vertex -8.47891 -1.30525 6.5599
  endloop
 endfacet

 facet normal 0.266912 0.828848 -0.4917
  outer loop
  vertex -8.47891 -1.30525 6.5599
  vertex -8.41088 -1.25555 6.614
  vertex -8.60219 -1.12205 6.9016
  endloop
 endfacet

 facet normal -0.0491061 0.90199 -0.428954
  outer loop
  vertex -8.6741 -0.83325 7.3534
  vertex -8.41088 -1.25555 6.614
  vertex -8.60219 -1.12205 6.9016
  endloop
 endfacet

 facet normal -0.0491061 0.90199 -0.428954
  outer loop
  vertex -8.60219 -1.12205 6.9016
  vertex -8.41088 -1.25555 6.614
  vertex -8.6741 -0.83325 7.3534
  endloop
 endfacet

 facet normal -0.0287659 0.932926 -0.358918
  outer loop
  vertex -8.00958 -1.53813 5.8618
  vertex -7.69091 -1.82731 5.0834
  vertex -8.11766 -1.61402 5.8503
  endloop
 endfacet

 facet normal -0.0287659 0.932926 -0.358918
  outer loop
  vertex -8.11766 -1.61402 5.8503
  vertex -7.69091 -1.82731 5.0834
  vertex -8.00958 -1.53813 5.8618
  endloop
 endfacet

 facet normal -0.422214 0.760215 0.493769
  outer loop
  vertex -7.92786 -1.43405 5.851
  vertex -7.69091 -1.82731 5.0834
  vertex -8.00958 -1.53813 5.8618
  endloop
 endfacet

 facet normal -0.422214 0.760215 0.493769
  outer loop
  vertex -8.00958 -1.53813 5.8618
  vertex -7.69091 -1.82731 5.0834
  vertex -7.92786 -1.43405 5.851
  endloop
 endfacet

 facet normal -0.677572 0.360783 0.640884
  outer loop
  vertex -8.22247 -1.09055 6.5996
  vertex -7.92786 -1.43405 5.851
  vertex -8.00958 -1.53813 5.8618
  endloop
 endfacet

 facet normal -0.677572 0.360783 0.640884
  outer loop
  vertex -8.00958 -1.53813 5.8618
  vertex -7.92786 -1.43405 5.851
  vertex -8.22247 -1.09055 6.5996
  endloop
 endfacet

 facet normal -0.755092 0.530597 0.385102
  outer loop
  vertex -8.22247 -1.09055 6.5996
  vertex -8.00958 -1.53813 5.8618
  vertex -8.30481 -1.18575 6.6178
  endloop
 endfacet

 facet normal -0.755092 0.530597 0.385102
  outer loop
  vertex -8.30481 -1.18575 6.6178
  vertex -8.00958 -1.53813 5.8618
  vertex -8.22247 -1.09055 6.5996
  endloop
 endfacet

 facet normal 0.953842 0.0149279 0.299938
  outer loop
  vertex -7.69091 -1.82731 5.0834
  vertex -7.35673 -2.05079 4.2882
  vertex -7.80117 -1.90817 5.0638
  endloop
 endfacet

 facet normal 0.953842 0.0149279 0.299938
  outer loop
  vertex -7.80117 -1.90817 5.0638
  vertex -7.35673 -2.05079 4.2882
  vertex -7.69091 -1.82731 5.0834
  endloop
 endfacet

 facet normal 0.535212 -0.0335353 0.844052
  outer loop
  vertex -7.61024 -1.71513 5.0806
  vertex -7.35673 -2.05079 4.2882
  vertex -7.69091 -1.82731 5.0834
  endloop
 endfacet

 facet normal 0.535212 -0.0335353 0.844052
  outer loop
  vertex -7.69091 -1.82731 5.0834
  vertex -7.35673 -2.05079 4.2882
  vertex -7.61024 -1.71513 5.0806
  endloop
 endfacet

 facet normal 0.661244 0.0141717 -0.750037
  outer loop
  vertex -8.11766 -1.61402 5.8503
  vertex -7.69091 -1.82731 5.0834
  vertex -7.80117 -1.90817 5.0638
  endloop
 endfacet

 facet normal 0.661244 0.0141717 -0.750037
  outer loop
  vertex -7.80117 -1.90817 5.0638
  vertex -7.69091 -1.82731 5.0834
  vertex -8.11766 -1.61402 5.8503
  endloop
 endfacet

 facet normal -0.265156 0.269025 0.925915
  outer loop
  vertex -7.92786 -1.43405 5.851
  vertex -7.61024 -1.71513 5.0806
  vertex -7.69091 -1.82731 5.0834
  endloop
 endfacet

 facet normal -0.265156 0.269025 0.925915
  outer loop
  vertex -7.69091 -1.82731 5.0834
  vertex -7.61024 -1.71513 5.0806
  vertex -7.92786 -1.43405 5.851
  endloop
 endfacet

 facet normal 0.359684 -0.914611 0.184699
  outer loop
  vertex -7.80117 -1.90817 5.0638
  vertex -7.35673 -2.05079 4.2882
  vertex -7.46914 -2.13551 4.2603
  endloop
 endfacet

 facet normal 0.359684 -0.914611 0.184699
  outer loop
  vertex -7.46914 -2.13551 4.2603
  vertex -7.35673 -2.05079 4.2882
  vertex -7.80117 -1.90817 5.0638
  endloop
 endfacet

 facet normal 0.105925 -0.629668 0.769609
  outer loop
  vertex -7.46914 -2.13551 4.2603
  vertex -7.01539 -2.20788 3.4856
  vertex -7.12973 -2.29509 3.4505
  endloop
 endfacet

 facet normal 0.105925 -0.629668 0.769609
  outer loop
  vertex -7.12973 -2.29509 3.4505
  vertex -7.01539 -2.20788 3.4856
  vertex -7.46914 -2.13551 4.2603
  endloop
 endfacet

 facet normal 0.257668 -0.410629 0.874637
  outer loop
  vertex -7.35673 -2.05079 4.2882
  vertex -7.01539 -2.20788 3.4856
  vertex -7.46914 -2.13551 4.2603
  endloop
 endfacet

 facet normal 0.257668 -0.410629 0.874637
  outer loop
  vertex -7.46914 -2.13551 4.2603
  vertex -7.01539 -2.20788 3.4856
  vertex -7.35673 -2.05079 4.2882
  endloop
 endfacet

 facet normal 0.50819 -0.467554 0.723282
  outer loop
  vertex -7.01539 -2.20788 3.4856
  vertex -6.67135 -2.3125 2.6822
  vertex -7.12973 -2.29509 3.4505
  endloop
 endfacet

 facet normal 0.50819 -0.467554 0.723282
  outer loop
  vertex -7.12973 -2.29509 3.4505
  vertex -6.67135 -2.3125 2.6822
  vertex -7.01539 -2.20788 3.4856
  endloop
 endfacet

 facet normal 0.874723 -0.298814 0.381536
  outer loop
  vertex -7.12973 -2.29509 3.4505
  vertex -6.67135 -2.3125 2.6822
  vertex -6.7873 -2.4013 2.6416
  endloop
 endfacet

 facet normal 0.874723 -0.298814 0.381536
  outer loop
  vertex -6.7873 -2.4013 2.6416
  vertex -6.67135 -2.3125 2.6822
  vertex -7.12973 -2.29509 3.4505
  endloop
 endfacet

 facet normal 0.919117 0.393597 0.0174811
  outer loop
  vertex -6.67135 -2.3125 2.6822
  vertex -6.27294 -2.49968 1.4376
  vertex -6.7873 -2.4013 2.6416
  endloop
 endfacet

 facet normal 0.919117 0.393597 0.0174811
  outer loop
  vertex -6.7873 -2.4013 2.6416
  vertex -6.27294 -2.49968 1.4376
  vertex -6.67135 -2.3125 2.6822
  endloop
 endfacet

 facet normal 0.952795 0.273439 -0.131957
  outer loop
  vertex -6.7873 -2.4013 2.6416
  vertex -6.27294 -2.49968 1.4376
  vertex -6.5587 -2.49971 1.8426
  endloop
 endfacet

 facet normal 0.952795 0.273439 -0.131957
  outer loop
  vertex -6.5587 -2.49971 1.8426
  vertex -6.27294 -2.49968 1.4376
  vertex -6.7873 -2.4013 2.6416
  endloop
 endfacet

 facet normal -0.0270944 -0.126942 0.99154
  outer loop
  vertex -7.01539 -2.20788 3.4856
  vertex -6.59319 -2.18415 2.7024
  vertex -6.67135 -2.3125 2.6822
  endloop
 endfacet

 facet normal -0.0270944 -0.126942 0.99154
  outer loop
  vertex -6.67135 -2.3125 2.6822
  vertex -6.59319 -2.18415 2.7024
  vertex -7.01539 -2.20788 3.4856
  endloop
 endfacet

 facet normal 0.331096 -0.623468 0.708282
  outer loop
  vertex -6.59319 -2.18415 2.7024
  vertex -6.30638 -2.23555 2.0427
  vertex -6.67135 -2.3125 2.6822
  endloop
 endfacet

 facet normal 0.331096 -0.623468 0.708282
  outer loop
  vertex -6.67135 -2.3125 2.6822
  vertex -6.30638 -2.23555 2.0427
  vertex -6.59319 -2.18415 2.7024
  endloop
 endfacet

 facet normal 0.847707 0.529213 -0.036421
  outer loop
  vertex -6.67135 -2.3125 2.6822
  vertex -6.15552 -2.40954 1.4823
  vertex -6.27294 -2.49968 1.4376
  endloop
 endfacet

 facet normal 0.847707 0.529213 -0.036421
  outer loop
  vertex -6.27294 -2.49968 1.4376
  vertex -6.15552 -2.40954 1.4823
  vertex -6.67135 -2.3125 2.6822
  endloop
 endfacet

 facet normal 0.605961 -0.77148 0.193985
  outer loop
  vertex -6.30638 -2.23555 2.0427
  vertex -6.10432 -2.30773 1.5349
  vertex -6.67135 -2.3125 2.6822
  endloop
 endfacet

 facet normal 0.605961 -0.77148 0.193985
  outer loop
  vertex -6.67135 -2.3125 2.6822
  vertex -6.10432 -2.30773 1.5349
  vertex -6.30638 -2.23555 2.0427
  endloop
 endfacet

 facet normal 0.948076 -0.273568 0.162214
  outer loop
  vertex -6.67135 -2.3125 2.6822
  vertex -6.09853 -2.37997 1.4213
  vertex -6.15552 -2.40954 1.4823
  endloop
 endfacet

 facet normal 0.948076 -0.273568 0.162214
  outer loop
  vertex -6.15552 -2.40954 1.4823
  vertex -6.09853 -2.37997 1.4213
  vertex -6.67135 -2.3125 2.6822
  endloop
 endfacet

 facet normal 0.620002 -0.779528 0.0890684
  outer loop
  vertex -6.10432 -2.30773 1.5349
  vertex -6.09853 -2.37997 1.4213
  vertex -6.67135 -2.3125 2.6822
  endloop
 endfacet

 facet normal 0.620002 -0.779528 0.0890684
  outer loop
  vertex -6.67135 -2.3125 2.6822
  vertex -6.09853 -2.37997 1.4213
  vertex -6.10432 -2.30773 1.5349
  endloop
 endfacet

 facet normal 0.520145 0.772373 -0.36454
  outer loop
  vertex -6.15552 -2.40954 1.4823
  vertex -6.0927 -2.44323 1.2812
  vertex -6.27294 -2.49968 1.4376
  endloop
 endfacet

 facet normal 0.520145 0.772373 -0.36454
  outer loop
  vertex -6.27294 -2.49968 1.4376
  vertex -6.0927 -2.44323 1.2812
  vertex -6.15552 -2.40954 1.4823
  endloop
 endfacet

 facet normal 0.666131 -0.742246 0.0730739
  outer loop
  vertex -6.09853 -2.37997 1.4213
  vertex -6.0927 -2.44323 1.2812
  vertex -6.15552 -2.40954 1.4823
  endloop
 endfacet

 facet normal 0.666131 -0.742246 0.0730739
  outer loop
  vertex -6.15552 -2.40954 1.4823
  vertex -6.0927 -2.44323 1.2812
  vertex -6.09853 -2.37997 1.4213
  endloop
 endfacet

 facet normal 0.232606 -0.868104 -0.43851
  outer loop
  vertex -6.10432 -2.30773 1.5349
  vertex -6.09448 -2.42898 2.0618
  vertex -6.09853 -2.37997 1.4213
  endloop
 endfacet

 facet normal 0.232606 -0.868104 -0.43851
  outer loop
  vertex -6.09853 -2.37997 1.4213
  vertex -6.09448 -2.42898 2.0618
  vertex -6.10432 -2.30773 1.5349
  endloop
 endfacet

 facet normal -0.191283 -0.895012 -0.402946
  outer loop
  vertex -6.09853 -2.37997 1.4213
  vertex -6.09448 -2.42898 2.0618
  vertex -6.0927 -2.44323 1.2812
  endloop
 endfacet

 facet normal -0.191283 -0.895012 -0.402946
  outer loop
  vertex -6.0927 -2.44323 1.2812
  vertex -6.09448 -2.42898 2.0618
  vertex -6.09853 -2.37997 1.4213
  endloop
 endfacet

 facet normal -0.971806 0.013767 -0.23538
  outer loop
  vertex -6.27294 -2.49968 1.4376
  vertex -6.0927 -2.44323 1.2812
  vertex -6.08746 -2.49702 1.1172
  endloop
 endfacet

 facet normal -0.971806 0.013767 -0.23538
  outer loop
  vertex -6.08746 -2.49702 1.1172
  vertex -6.0927 -2.44323 1.2812
  vertex -6.27294 -2.49968 1.4376
  endloop
 endfacet

 facet normal -0.853434 -0.387437 -0.348629
  outer loop
  vertex -6.09448 -2.42898 2.0618
  vertex -6.08746 -2.49702 1.1172
  vertex -6.0927 -2.44323 1.2812
  endloop
 endfacet

 facet normal -0.853434 -0.387437 -0.348629
  outer loop
  vertex -6.0927 -2.44323 1.2812
  vertex -6.08746 -2.49702 1.1172
  vertex -6.09448 -2.42898 2.0618
  endloop
 endfacet

 facet normal 0.341805 -0.906273 -0.248674
  outer loop
  vertex -6.5587 -2.49971 1.8426
  vertex -6.27294 -2.49968 1.4376
  vertex -6.1657 -2.53025 1.1171
  endloop
 endfacet

 facet normal 0.341805 -0.906273 -0.248674
  outer loop
  vertex -6.1657 -2.53025 1.1171
  vertex -6.27294 -2.49968 1.4376
  vertex -6.5587 -2.49971 1.8426
  endloop
 endfacet

 facet normal -0.93206 -0.103646 -0.347161
  outer loop
  vertex -6.27294 -2.49968 1.4376
  vertex -6.08746 -2.49702 1.1172
  vertex -6.1657 -2.53025 1.1171
  endloop
 endfacet

 facet normal -0.93206 -0.103646 -0.347161
  outer loop
  vertex -6.1657 -2.53025 1.1171
  vertex -6.08746 -2.49702 1.1172
  vertex -6.27294 -2.49968 1.4376
  endloop
 endfacet

 facet normal 0.258138 -0.965258 -0.0405222
  outer loop
  vertex -6.77819 -2.52906 1.8571
  vertex -6.5587 -2.49971 1.8426
  vertex -6.46182 -2.57573 1.1173
  endloop
 endfacet

 facet normal 0.258138 -0.965258 -0.0405222
  outer loop
  vertex -6.46182 -2.57573 1.1173
  vertex -6.5587 -2.49971 1.8426
  vertex -6.77819 -2.52906 1.8571
  endloop
 endfacet

 facet normal 0.553033 -0.804218 0.217686
  outer loop
  vertex -6.5587 -2.49971 1.8426
  vertex -6.24876 -2.54797 1.1171
  vertex -6.46182 -2.57573 1.1173
  endloop
 endfacet

 facet normal 0.553033 -0.804218 0.217686
  outer loop
  vertex -6.46182 -2.57573 1.1173
  vertex -6.24876 -2.54797 1.1171
  vertex -6.5587 -2.49971 1.8426
  endloop
 endfacet

 facet normal 0.384249 -0.862441 0.329466
  outer loop
  vertex -6.5587 -2.49971 1.8426
  vertex -6.1657 -2.53025 1.1171
  vertex -6.24876 -2.54797 1.1171
  endloop
 endfacet

 facet normal 0.384249 -0.862441 0.329466
  outer loop
  vertex -6.24876 -2.54797 1.1171
  vertex -6.1657 -2.53025 1.1171
  vertex -6.5587 -2.49971 1.8426
  endloop
 endfacet

 facet normal 0.408046 -0.870571 -0.274964
  outer loop
  vertex -6.00536 -3.05135 1.1169
  vertex -6.46182 -2.57573 1.1173
  vertex -6.24876 -2.54797 1.1171
  endloop
 endfacet

 facet normal 0.408046 -0.870571 -0.274964
  outer loop
  vertex -6.24876 -2.54797 1.1171
  vertex -6.46182 -2.57573 1.1173
  vertex -6.00536 -3.05135 1.1169
  endloop
 endfacet

 facet normal 0.0700276 -0.995355 -0.0660617
  outer loop
  vertex -6.1657 -2.53025 1.1171
  vertex -6.00536 -3.05135 1.1169
  vertex -6.24876 -2.54797 1.1171
  endloop
 endfacet

 facet normal 0.0700276 -0.995355 -0.0660617
  outer loop
  vertex -6.24876 -2.54797 1.1171
  vertex -6.00536 -3.05135 1.1169
  vertex -6.1657 -2.53025 1.1171
  endloop
 endfacet

 facet normal -0.767217 -0.539156 -0.347403
  outer loop
  vertex -6.00536 -3.05135 1.1169
  vertex -6.1657 -2.53025 1.1171
  vertex -6.08746 -2.49702 1.1172
  endloop
 endfacet

 facet normal -0.767217 -0.539156 -0.347403
  outer loop
  vertex -6.08746 -2.49702 1.1172
  vertex -6.1657 -2.53025 1.1171
  vertex -6.00536 -3.05135 1.1169
  endloop
 endfacet

 facet normal -0.170829 -0.984776 -0.0321413
  outer loop
  vertex -6.00536 -3.05135 1.1169
  vertex -6.54869 -2.57778 1.1171
  vertex -6.46182 -2.57573 1.1173
  endloop
 endfacet

 facet normal -0.170829 -0.984776 -0.0321413
  outer loop
  vertex -6.46182 -2.57573 1.1173
  vertex -6.54869 -2.57778 1.1171
  vertex -6.00536 -3.05135 1.1169
  endloop
 endfacet

 facet normal -0.417561 -0.114532 0.901402
  outer loop
  vertex -6.42579 -5.85292 1.1169
  vertex -6.54869 -2.57778 1.1171
  vertex -6.00536 -3.05135 1.1169
  endloop
 endfacet

 facet normal -0.584059 -0.16093 -0.795598
  outer loop
  vertex -6.42579 -5.85292 1.1169
  vertex -6.00536 -3.05135 1.1169
  vertex -6.08801 -6.36824 1.1169
  endloop
 endfacet

 facet normal -0.654954 -0.148412 -0.740952
  outer loop
  vertex -6.08801 -6.36824 1.1169
  vertex -6.00536 -3.05135 1.1169
  vertex -5.71063 -6.85515 1.1169
  endloop
 endfacet

 facet normal -0.504149 -0.587181 0.633287
  outer loop
  vertex -5.71063 -6.85515 1.1169
  vertex -6.00536 -3.05135 1.1169
  vertex -5.87445 -3.59702 1.1169
  endloop
 endfacet

 facet normal -0.504149 -0.587181 0.633287
  outer loop
  vertex -5.87445 -3.59702 1.1169
  vertex -6.00536 -3.05135 1.1169
  vertex -5.71063 -6.85515 1.1169
  endloop
 endfacet

 facet normal -0.654954 -0.148412 -0.740952
  outer loop
  vertex -5.71063 -6.85515 1.1169
  vertex -6.00536 -3.05135 1.1169
  vertex -6.08801 -6.36824 1.1169
  endloop
 endfacet

 facet normal -0.584059 -0.16093 -0.795598
  outer loop
  vertex -6.08801 -6.36824 1.1169
  vertex -6.00536 -3.05135 1.1169
  vertex -6.42579 -5.85292 1.1169
  endloop
 endfacet

 facet normal -0.417561 -0.114532 0.901402
  outer loop
  vertex -6.00536 -3.05135 1.1169
  vertex -6.54869 -2.57778 1.1171
  vertex -6.42579 -5.85292 1.1169
  endloop
 endfacet

 facet normal -0.879263 -0.101368 -0.465425
  outer loop
  vertex -6.08746 -2.49702 1.1172
  vertex -6.01719 -2.98869 2.0618
  vertex -6.00536 -3.05135 1.1169
  endloop
 endfacet

 facet normal -0.879263 -0.101368 -0.465425
  outer loop
  vertex -6.00536 -3.05135 1.1169
  vertex -6.01719 -2.98869 2.0618
  vertex -6.08746 -2.49702 1.1172
  endloop
 endfacet

 facet normal -0.30482 -0.605208 0.735396
  outer loop
  vertex -6.00536 -3.05135 1.1169
  vertex -5.89076 -3.53925 2.0618
  vertex -5.87445 -3.59702 1.1169
  endloop
 endfacet

 facet normal -0.30482 -0.605208 0.735396
  outer loop
  vertex -5.87445 -3.59702 1.1169
  vertex -5.89076 -3.53925 2.0618
  vertex -6.00536 -3.05135 1.1169
  endloop
 endfacet

 facet normal -0.947594 -0.128206 -0.292626
  outer loop
  vertex -6.01719 -2.98869 2.0618
  vertex -5.89076 -3.53925 2.0618
  vertex -6.00536 -3.05135 1.1169
  endloop
 endfacet

 facet normal -0.947594 -0.128206 -0.292626
  outer loop
  vertex -6.00536 -3.05135 1.1169
  vertex -5.89076 -3.53925 2.0618
  vertex -6.01719 -2.98869 2.0618
  endloop
 endfacet

 facet normal -0.865052 -0.0506245 -0.499121
  outer loop
  vertex -6.09448 -2.42898 2.0618
  vertex -6.01719 -2.98869 2.0618
  vertex -6.08746 -2.49702 1.1172
  endloop
 endfacet

 facet normal -0.865052 -0.0506245 -0.499121
  outer loop
  vertex -6.08746 -2.49702 1.1172
  vertex -6.01719 -2.98869 2.0618
  vertex -6.09448 -2.42898 2.0618
  endloop
 endfacet

 facet normal -0.675182 -0.419344 -0.606861
  outer loop
  vertex -6.11093 -2.21281 1.6253
  vertex -6.09448 -2.42898 2.0618
  vertex -6.10432 -2.30773 1.5349
  endloop
 endfacet

 facet normal -0.675182 -0.419344 -0.606861
  outer loop
  vertex -6.10432 -2.30773 1.5349
  vertex -6.09448 -2.42898 2.0618
  vertex -6.11093 -2.21281 1.6253
  endloop
 endfacet

 facet normal -0.582132 0.363527 -0.727304
  outer loop
  vertex -6.12211 -1.86476 2.0618
  vertex -6.09448 -2.42898 2.0618
  vertex -6.11093 -2.21281 1.6253
  endloop
 endfacet

 facet normal -0.582132 0.363527 -0.727304
  outer loop
  vertex -6.11093 -2.21281 1.6253
  vertex -6.09448 -2.42898 2.0618
  vertex -6.12211 -1.86476 2.0618
  endloop
 endfacet

 facet normal 0.892496 0.107454 -0.43807
  outer loop
  vertex -6.09448 -2.42898 2.0618
  vertex -6.09967 -1.30015 2.0618
  vertex -6.12211 -1.86476 2.0618
  endloop
 endfacet

 facet normal 0.780088 0.0334935 -0.624773
  outer loop
  vertex -6.09967 -1.30015 2.0618
  vertex -6.09448 -2.42898 2.0618
  vertex -6.02744 -0.73995 2.0618
  endloop
 endfacet

 facet normal -0.223357 -0.0826163 -0.971229
  outer loop
  vertex -6.02744 -0.73995 2.0618
  vertex -6.09448 -2.42898 2.0618
  vertex -6.01719 -2.98869 2.0618
  endloop
 endfacet

 facet normal -0.223357 -0.0826163 -0.971229
  outer loop
  vertex -6.01719 -2.98869 2.0618
  vertex -6.09448 -2.42898 2.0618
  vertex -6.02744 -0.73995 2.0618
  endloop
 endfacet

 facet normal 0.780088 0.0334935 -0.624773
  outer loop
  vertex -6.02744 -0.73995 2.0618
  vertex -6.09448 -2.42898 2.0618
  vertex -6.09967 -1.30015 2.0618
  endloop
 endfacet

 facet normal 0.892496 0.107454 -0.43807
  outer loop
  vertex -6.12211 -1.86476 2.0618
  vertex -6.09967 -1.30015 2.0618
  vertex -6.09448 -2.42898 2.0618
  endloop
 endfacet

 facet normal -0.606146 -0.0471993 -0.793951
  outer loop
  vertex -6.09448 -2.42898 2.0618
  vertex -6.062 -2.70961 2.298
  vertex -6.01719 -2.98869 2.0618
  endloop
 endfacet

 facet normal -0.606146 -0.0471993 -0.793951
  outer loop
  vertex -6.01719 -2.98869 2.0618
  vertex -6.062 -2.70961 2.298
  vertex -6.09448 -2.42898 2.0618
  endloop
 endfacet

 facet normal -0.70441 0.156783 -0.692261
  outer loop
  vertex -6.12211 -1.86476 2.0618
  vertex -6.11445 -2.14716 2.298
  vertex -6.09448 -2.42898 2.0618
  endloop
 endfacet

 facet normal -0.70441 0.156783 -0.692261
  outer loop
  vertex -6.09448 -2.42898 2.0618
  vertex -6.11445 -2.14716 2.298
  vertex -6.12211 -1.86476 2.0618
  endloop
 endfacet

 facet normal -0.751956 0.00529445 -0.659192
  outer loop
  vertex -6.11445 -2.14716 2.298
  vertex -6.062 -2.70961 2.298
  vertex -6.09448 -2.42898 2.0618
  endloop
 endfacet

 facet normal -0.751956 0.00529445 -0.659192
  outer loop
  vertex -6.09448 -2.42898 2.0618
  vertex -6.062 -2.70961 2.298
  vertex -6.11445 -2.14716 2.298
  endloop
 endfacet

 facet normal -0.331921 -0.903623 -0.270728
  outer loop
  vertex -6.11093 -2.21281 1.6253
  vertex -6.10432 -2.30773 1.5349
  vertex -6.27551 -2.23184 1.978
  endloop
 endfacet

 facet normal -0.331921 -0.903623 -0.270728
  outer loop
  vertex -6.27551 -2.23184 1.978
  vertex -6.10432 -2.30773 1.5349
  vertex -6.11093 -2.21281 1.6253
  endloop
 endfacet

 facet normal -0.506703 -0.841188 -0.188826
  outer loop
  vertex -6.27551 -2.23184 1.978
  vertex -6.31876 -2.23685 1.9369
  vertex -6.11093 -2.21281 1.6253
  endloop
 endfacet

 facet normal -0.506703 -0.841188 -0.188826
  outer loop
  vertex -6.11093 -2.21281 1.6253
  vertex -6.31876 -2.23685 1.9369
  vertex -6.27551 -2.23184 1.978
  endloop
 endfacet

 facet normal -0.757714 -0.375212 -0.533934
  outer loop
  vertex -6.31876 -2.23685 1.9369
  vertex -6.35883 -2.24169 1.8422
  vertex -6.11093 -2.21281 1.6253
  endloop
 endfacet

 facet normal -0.757714 -0.375212 -0.533934
  outer loop
