solid AssimpScene
 facet normal -nan -nan -nan
  outer loop
  vertex 13.1524 -31.584 -4.66515
  vertex 8.3207 -31.584 16.2767
  vertex 5.3649 -31.584 -3.50126
  endloop
 endfacet

 facet normal 0.328592 -0.940398 -0.0876246
  outer loop
  vertex 8.3207 -31.584 16.2767
  vertex 13.1524 -31.584 -4.66515
  vertex 14.7709 -31.584 6.16414
  endloop
 endfacet

 facet normal 0.328592 -0.940398 -0.0876246
  outer loop
  vertex 14.7709 -31.584 6.16414
  vertex 13.1524 -31.584 -4.66515
  vertex 8.3207 -31.584 16.2767
  endloop
 endfacet

 facet normal -nan -nan -nan
  outer loop
  vertex 5.3649 -31.584 -3.50126
  vertex 8.3207 -31.584 16.2767
  vertex 13.1524 -31.584 -4.66515
  endloop
 endfacet

 facet normal 0.440665 -0.897249 -0.0275415
  outer loop
  vertex 14.7709 31.5122 6.16414
  vertex 13.1524 -31.584 -4.66515
  vertex 13.1524 31.5122 -4.66515
  endloop
 endfacet

 facet normal 0.774251 -0.621102 -0.121525
  outer loop
  vertex 13.1524 -31.584 -4.66515
  vertex 14.7709 31.5122 6.16414
  vertex 14.7709 -31.584 6.16414
  endloop
 endfacet

 facet normal 0.774251 -0.621102 -0.121525
  outer loop
  vertex 14.7709 -31.584 6.16414
  vertex 14.7709 31.5122 6.16414
  vertex 13.1524 -31.584 -4.66515
  endloop
 endfacet

 facet normal 0.440665 -0.897249 -0.0275415
  outer loop
  vertex 13.1524 31.5122 -4.66515
  vertex 13.1524 -31.584 -4.66515
  vertex 14.7709 31.5122 6.16414
  endloop
 endfacet

 facet normal 0 -0.925388 0.379021
  outer loop
  vertex 13.1524 -31.584 -4.66515
  vertex 5.3649 31.5122 -3.50126
  vertex 13.1524 31.5122 -4.66515
  endloop
 endfacet

 facet normal -nan -nan -nan
  outer loop
  vertex 5.3649 31.5122 -3.50126
  vertex 13.1524 -31.584 -4.66515
  vertex 5.3649 -31.584 -3.50126
  endloop
 endfacet

 facet normal -nan -nan -nan
  outer loop
  vertex 5.3649 -31.584 -3.50126
  vertex 13.1524 -31.584 -4.66515
  vertex 5.3649 31.5122 -3.50126
  endloop
 endfacet

 facet normal 0 -0.925388 0.379021
  outer loop
  vertex 13.1524 31.5122 -4.66515
  vertex 5.3649 31.5122 -3.50126
  vertex 13.1524 -31.584 -4.66515
  endloop
 endfacet

 facet normal 0 -0.983596 0.180386
  outer loop
  vertex 8.3207 31.5122 16.2767
  vertex 13.1524 31.5122 -4.66515
  vertex 5.3649 31.5122 -3.50126
  endloop
 endfacet

 facet normal 0.453089 -0.846265 -0.28026
  outer loop
  vertex 13.1524 31.5122 -4.66515
  vertex 8.3207 31.5122 16.2767
  vertex 14.7709 31.5122 6.16414
  endloop
 endfacet

 facet normal 0.453089 -0.846265 -0.28026
  outer loop
  vertex 14.7709 31.5122 6.16414
  vertex 8.3207 31.5122 16.2767
  vertex 13.1524 31.5122 -4.66515
  endloop
 endfacet

 facet normal 0 -0.983596 0.180386
  outer loop
  vertex 5.3649 31.5122 -3.50126
  vertex 13.1524 31.5122 -4.66515
  vertex 8.3207 31.5122 16.2767
  endloop
 endfacet

 facet normal -nan -nan -nan
  outer loop
  vertex 5.3649 -31.584 -3.50126
  vertex 8.3207 31.5122 16.2767
  vertex 5.3649 31.5122 -3.50126
  endloop
 endfacet

 facet normal -nan -nan -nan
  outer loop
  vertex 5.3649 31.5122 -3.50126
  vertex 8.3207 31.5122 16.2767
  vertex 5.3649 -31.584 -3.50126
  endloop
 endfacet

 facet normal -nan -nan -nan
  outer loop
  vertex 8.3207 31.5122 16.2767
  vertex 5.3649 -31.584 -3.50126
  vertex 8.3207 -31.584 16.2767
  endloop
 endfacet

 facet normal -nan -nan -nan
  outer loop
  vertex 8.3207 -31.584 16.2767
  vertex 5.3649 -31.584 -3.50126
  vertex 8.3207 31.5122 16.2767
  endloop
 endfacet

 facet normal -nan -nan -nan
  outer loop
  vertex 8.3207 31.5122 16.2767
  vertex 8.3207 -31.584 16.2767
  vertex 8.3207 0.00025 16.2767
  endloop
 endfacet

 facet normal -nan -nan -nan
  outer loop
  vertex 8.3207 0.00025 16.2767
  vertex 8.3207 -31.584 16.2767
  vertex 8.3207 31.5122 16.2767
  endloop
 endfacet

 facet normal 0.00716464 -0.73657 -0.676323
  outer loop
  vertex 14.7709 31.5122 6.16414
  vertex 8.3207 31.5122 16.2767
  vertex 15.6427 31.5122 11.9978
  endloop
 endfacet

 facet normal 0.0102491 -0.754183 -0.656584
  outer loop
  vertex 15.6427 31.5122 11.9978
  vertex 8.3207 31.5122 16.2767
  vertex 16.1083 31.5122 15.1128
  endloop
 endfacet

 facet normal 0.0102491 -0.754183 -0.656584
  outer loop
  vertex 16.1083 31.5122 15.1128
  vertex 8.3207 31.5122 16.2767
  vertex 15.6427 31.5122 11.9978
  endloop
 endfacet

 facet normal 0.00716464 -0.73657 -0.676323
  outer loop
  vertex 15.6427 31.5122 11.9978
  vertex 8.3207 31.5122 16.2767
  vertex 14.7709 31.5122 6.16414
  endloop
 endfacet

 facet normal -nan -nan -nan
  outer loop
  vertex 8.3207 0.00025 16.2767
  vertex 16.1083 31.5122 15.1128
  vertex 8.3207 31.5122 16.2767
  endloop
 endfacet

 facet normal -nan -nan -nan
  outer loop
  vertex 8.3207 31.5122 16.2767
  vertex 16.1083 31.5122 15.1128
  vertex 8.3207 0.00025 16.2767
  endloop
 endfacet

 facet normal -nan -nan -nan
  outer loop
  vertex 8.3207 -31.584 16.2767
  vertex 16.1083 0.00025 15.1128
  vertex 8.3207 0.00025 16.2767
  endloop
 endfacet

 facet normal -nan -nan -nan
  outer loop
  vertex 8.3207 0.00025 16.2767
  vertex 16.1083 0.00025 15.1128
  vertex 8.3207 -31.584 16.2767
  endloop
 endfacet

 facet normal -nan -nan -nan
  outer loop
  vertex 16.1083 31.5122 15.1128
  vertex 8.3207 0.00025 16.2767
  vertex 16.1083 0.00025 15.1128
  endloop
 endfacet

 facet normal -nan -nan -nan
  outer loop
  vertex 16.1083 0.00025 15.1128
  vertex 8.3207 0.00025 16.2767
  vertex 16.1083 31.5122 15.1128
  endloop
 endfacet

 facet normal 0.894427 -0.447214 0
  outer loop
  vertex 16.1083 -31.584 15.1128
  vertex 16.1083 31.5122 15.1128
  vertex 16.1083 0.00025 15.1128
  endloop
 endfacet

 facet normal 0.894427 -0.447214 0
  outer loop
  vertex 16.1083 0.00025 15.1128
  vertex 16.1083 31.5122 15.1128
  vertex 16.1083 -31.584 15.1128
  endloop
 endfacet

 facet normal 0.447214 -0.894427 0
  outer loop
  vertex 16.1083 0.00025 15.1128
  vertex 8.3207 -31.584 16.2767
  vertex 16.1083 -31.584 15.1128
  endloop
 endfacet

 facet normal 0.447214 -0.894427 0
  outer loop
  vertex 16.1083 -31.584 15.1128
  vertex 8.3207 -31.584 16.2767
  vertex 16.1083 0.00025 15.1128
  endloop
 endfacet

 facet normal -0.848076 0.0687958 0.525389
  outer loop
  vertex 16.1083 31.5122 15.1128
  vertex 15.6427 -31.584 11.9978
  vertex 15.6427 31.5122 11.9978
  endloop
 endfacet

 facet normal 0.146248 -0.872387 0.466425
  outer loop
  vertex 15.6427 -31.584 11.9978
  vertex 16.1083 31.5122 15.1128
  vertex 16.1083 -31.584 15.1128
  endloop
 endfacet

 facet normal 0.146248 -0.872387 0.466425
  outer loop
  vertex 16.1083 -31.584 15.1128
  vertex 16.1083 31.5122 15.1128
  vertex 15.6427 -31.584 11.9978
  endloop
 endfacet

 facet normal -0.848076 0.0687958 0.525389
  outer loop
  vertex 15.6427 31.5122 11.9978
  vertex 15.6427 -31.584 11.9978
  vertex 16.1083 31.5122 15.1128
  endloop
 endfacet

 facet normal 0.328592 -0.940398 -0.0876246
  outer loop
  vertex 8.3207 -31.584 16.2767
  vertex 14.7709 -31.584 6.16414
  vertex 16.1083 -31.584 15.1128
  endloop
 endfacet

 facet normal 0.0233287 -0.975966 0.216669
  outer loop
  vertex 16.1083 -31.584 15.1128
  vertex 14.7709 -31.584 6.16414
  vertex 15.6427 -31.584 11.9978
  endloop
 endfacet

 facet normal 0.0233287 -0.975966 0.216669
  outer loop
  vertex 15.6427 -31.584 11.9978
  vertex 14.7709 -31.584 6.16414
  vertex 16.1083 -31.584 15.1128
  endloop
 endfacet

 facet normal 0.328592 -0.940398 -0.0876246
  outer loop
  vertex 16.1083 -31.584 15.1128
  vertex 14.7709 -31.584 6.16414
  vertex 8.3207 -31.584 16.2767
  endloop
 endfacet

 facet normal 0.862441 -0.363916 -0.351797
  outer loop
  vertex 14.7709 -31.584 6.16414
  vertex 14.7709 31.5122 6.16414
  vertex 15.6427 31.5122 11.9978
  endloop
 endfacet

 facet normal -0.893801 -0.367328 0.257274
  outer loop
  vertex 14.7709 -31.584 6.16414
  vertex 15.6427 31.5122 11.9978
  vertex 15.6427 -31.584 11.9978
  endloop
 endfacet

 facet normal -0.893801 -0.367328 0.257274
  outer loop
  vertex 15.6427 -31.584 11.9978
  vertex 15.6427 31.5122 11.9978
  vertex 14.7709 -31.584 6.16414
  endloop
 endfacet

 facet normal 0.862441 -0.363916 -0.351797
  outer loop
  vertex 15.6427 31.5122 11.9978
  vertex 14.7709 31.5122 6.16414
  vertex 14.7709 -31.584 6.16414
  endloop
 endfacet

 facet normal 0.0256053 -0.996608 -0.0782057
  outer loop
  vertex 18.7809 -31.584 6.16414
  vertex 15.6427 -31.584 11.9978
  vertex 14.7709 -31.584 6.16414
  endloop
 endfacet

 facet normal 0.0256053 -0.996608 -0.0782057
  outer loop
  vertex 14.7709 -31.584 6.16414
  vertex 15.6427 -31.584 11.9978
  vertex 18.7809 -31.584 6.16414
  endloop
 endfacet

 facet normal -0.822444 -0.25865 -0.506641
  outer loop
  vertex 15.6427 31.5122 11.9978
  vertex 14.7709 -27.7349 6.16414
  vertex 14.7709 -31.584 6.16414
  endloop
 endfacet

 facet normal -0.893801 -0.367328 0.257274
  outer loop
  vertex 15.6427 31.5122 11.9978
  vertex 14.7709 -31.584 6.16414
  vertex 15.6427 -31.584 11.9978
  endloop
 endfacet

 facet normal -0.893801 -0.367328 0.257274
  outer loop
  vertex 15.6427 -31.584 11.9978
  vertex 14.7709 -31.584 6.16414
  vertex 15.6427 31.5122 11.9978
  endloop
 endfacet

 facet normal -0.822444 -0.25865 -0.506642
  outer loop
  vertex 14.7709 -31.584 6.16414
  vertex 14.7709 -27.7349 6.16414
  vertex 15.6427 31.5122 11.9978
  endloop
 endfacet

 facet normal 0.42159 -0.598922 -0.680848
  outer loop
  vertex 14.4832 -29.6595 6.16414
  vertex -17.2029 -35.433 6.16414
  vertex 14.7709 -31.584 6.16414
  endloop
 endfacet

 facet normal 0.525461 -0.827443 0.198064
  outer loop
  vertex 14.7709 -31.584 6.16414
  vertex 18.7809 -35.433 6.16414
  vertex 18.7809 -31.584 6.16414
  endloop
 endfacet

 facet normal 0.558578 -0.793531 0.241452
  outer loop
  vertex 18.7809 -35.433 6.16414
  vertex 14.7709 -31.584 6.16414
  vertex -17.2029 -35.433 6.16414
  endloop
 endfacet

 facet normal -0.0437361 -0.276111 -0.96013
  outer loop
  vertex 14.7709 -27.7349 6.16414
  vertex 14.4832 -29.6595 6.16414
  vertex 14.7709 -31.584 6.16414
  endloop
 endfacet

 facet normal -0.0437362 -0.276111 -0.96013
  outer loop
  vertex 14.7709 -31.584 6.16414
  vertex 14.4832 -29.6595 6.16414
  vertex 14.7709 -27.7349 6.16414
  endloop
 endfacet

 facet normal 0.558578 -0.793531 0.241452
  outer loop
  vertex -17.2029 -35.433 6.16414
  vertex 14.7709 -31.584 6.16414
  vertex 18.7809 -35.433 6.16414
  endloop
 endfacet

 facet normal 0.525461 -0.827443 0.198064
  outer loop
  vertex 18.7809 -31.584 6.16414
  vertex 18.7809 -35.433 6.16414
  vertex 14.7709 -31.584 6.16414
  endloop
 endfacet

 facet normal 0.42159 -0.598922 -0.680848
  outer loop
  vertex 14.7709 -31.584 6.16414
  vertex -17.2029 -35.433 6.16414
  vertex 14.4832 -29.6595 6.16414
  endloop
 endfacet

 facet normal 0.00816703 0.105174 0.99442
  outer loop
  vertex 14.7709 27.5914 6.16414
  vertex 15.6427 31.5122 11.9978
  vertex 14.7709 31.5122 6.16414
  endloop
 endfacet

 facet normal 0.00816703 0.105174 0.99442
  outer loop
  vertex 14.7709 31.5122 6.16414
  vertex 15.6427 31.5122 11.9978
  vertex 14.7709 27.5914 6.16414
  endloop
 endfacet

 facet normal -0.994029 0.10912 -0.000228668
  outer loop
  vertex 15.6427 31.5122 11.9978
  vertex 18.7809 31.5122 6.16414
  vertex 14.7709 31.5122 6.16414
  endloop
 endfacet

 facet normal -0.994029 0.10912 -0.000228668
  outer loop
  vertex 14.7709 31.5122 6.16414
  vertex 18.7809 31.5122 6.16414
  vertex 15.6427 31.5122 11.9978
  endloop
 endfacet

 facet normal 0.0210066 -0.0238782 -0.999494
  outer loop
  vertex 18.7809 35.433 6.16414
  vertex -17.2029 29.5518 6.16414
  vertex 14.7709 31.5122 6.16414
  endloop
 endfacet

 facet normal -0.982751 -0.0159642 -0.184242
  outer loop
  vertex 18.7809 35.433 6.16414
  vertex 14.7709 31.5122 6.16414
  vertex 18.7809 31.5122 6.16414
  endloop
 endfacet

 facet normal 0.997568 -0.031174 -0.062348
  outer loop
  vertex 14.7709 31.5122 6.16414
  vertex -17.2029 29.5518 6.16414
  vertex 14.4779 29.5518 6.16414
  endloop
 endfacet

 facet normal 0.457686 -0.0143027 0.888999
  outer loop
  vertex 14.7709 31.5122 6.16414
  vertex 14.4779 29.5518 6.16414
  vertex 14.7709 27.5914 6.16414
  endloop
 endfacet

 facet normal 0.457686 -0.0143027 0.888999
  outer loop
  vertex 14.7709 27.5914 6.16414
  vertex 14.4779 29.5518 6.16414
  vertex 14.7709 31.5122 6.16414
  endloop
 endfacet

 facet normal 0.997568 -0.031174 -0.062348
  outer loop
  vertex 14.4779 29.5518 6.16414
  vertex -17.2029 29.5518 6.16414
  vertex 14.7709 31.5122 6.16414
  endloop
 endfacet

 facet normal -0.982751 -0.0159642 -0.184242
  outer loop
  vertex 18.7809 31.5122 6.16414
  vertex 14.7709 31.5122 6.16414
  vertex 18.7809 35.433 6.16414
  endloop
 endfacet

 facet normal 0.0210066 -0.0238782 -0.999494
  outer loop
  vertex 14.7709 31.5122 6.16414
  vertex -17.2029 29.5518 6.16414
  vertex 18.7809 35.433 6.16414
  endloop
 endfacet

 facet normal -0.00694985 0.0319334 0.999466
  outer loop
  vertex 14.4779 27.5914 4.20374
  vertex 14.4832 -27.7349 4.23965
  vertex 14.7709 27.5914 6.16414
  endloop
 endfacet

 facet normal 0.0787941 0.0482049 0.995725
  outer loop
  vertex 14.7709 27.5914 6.16414
  vertex 14.4832 -27.7349 4.23965
  vertex 14.7709 -27.7349 6.16414
  endloop
 endfacet

 facet normal -0.956321 0.0616025 0.285753
  outer loop
  vertex 15.6427 31.5122 11.9978
  vertex 14.7709 27.5914 6.16414
  vertex 14.7709 -27.7349 6.16414
  endloop
 endfacet

 facet normal -0.956321 0.0616025 0.285753
  outer loop
  vertex 14.7709 -27.7349 6.16414
  vertex 14.7709 27.5914 6.16414
  vertex 15.6427 31.5122 11.9978
  endloop
 endfacet

 facet normal 0.0787941 0.0482049 0.995725
  outer loop
  vertex 14.7709 -27.7349 6.16414
  vertex 14.4832 -27.7349 4.23965
  vertex 14.7709 27.5914 6.16414
  endloop
 endfacet

 facet normal -0.00694985 0.0319334 0.999466
  outer loop
  vertex 14.7709 27.5914 6.16414
  vertex 14.4832 -27.7349 4.23965
  vertex 14.4779 27.5914 4.20374
  endloop
 endfacet

 facet normal 0.447214 0 0.894427
  outer loop
  vertex 14.7709 27.5914 6.16414
  vertex 14.4779 29.5518 6.16414
  vertex 14.4779 27.5914 6.16414
  endloop
 endfacet

 facet normal 0.447214 0 0.894427
  outer loop
  vertex 14.4779 27.5914 6.16414
  vertex 14.4779 29.5518 6.16414
  vertex 14.7709 27.5914 6.16414
  endloop
 endfacet

 facet normal 0.000375165 0 1
  outer loop
  vertex 14.7709 27.5914 6.16414
  vertex 14.4779 27.5914 6.16414
  vertex 14.4779 27.5914 4.20374
  endloop
 endfacet

 facet normal 0.000375165 0 1
  outer loop
  vertex 14.4779 27.5914 4.20374
  vertex 14.4779 27.5914 6.16414
  vertex 14.7709 27.5914 6.16414
  endloop
 endfacet

 facet normal -0.816874 0 -0.576816
  outer loop
  vertex 14.4832 -29.6595 6.16414
  vertex 14.7709 -27.7349 6.16414
  vertex 14.4832 -27.7349 6.16414
  endloop
 endfacet

 facet normal -0.816874 0 -0.576816
  outer loop
  vertex 14.4832 -27.7349 6.16414
  vertex 14.7709 -27.7349 6.16414
  vertex 14.4832 -29.6595 6.16414
  endloop
 endfacet

 facet normal -0.968237 0.0379092 -0.247145
  outer loop
  vertex 14.7709 -27.7349 6.16414
  vertex 14.4832 -27.7349 4.23965
  vertex 14.4832 -27.7349 6.16414
  endloop
 endfacet

 facet normal -0.968237 0.0379092 -0.247145
  outer loop
  vertex 14.4832 -27.7349 6.16414
  vertex 14.4832 -27.7349 4.23965
  vertex 14.7709 -27.7349 6.16414
  endloop
 endfacet

 facet normal -nan -nan -nan
  outer loop
  vertex -17.2029 -35.433 6.16414
  vertex 14.4832 -29.6595 6.16414
  vertex -17.2029 -29.6595 6.16414
  endloop
 endfacet

 facet normal -nan -nan -nan
  outer loop
  vertex -17.2029 -29.6595 6.16414
  vertex 14.4832 -29.6595 6.16414
  vertex -17.2029 -35.433 6.16414
  endloop
 endfacet

 facet normal -0.58928 -0.571153 -0.571431
  outer loop
  vertex 14.4832 -29.4083 6.14775
  vertex 14.4832 -27.7349 6.16414
  vertex 14.4832 -29.6595 6.16414
  endloop
 endfacet

 facet normal -0.58928 -0.571153 -0.571431
  outer loop
  vertex 14.4832 -29.6595 6.16414
  vertex 14.4832 -27.7349 6.16414
  vertex 14.4832 -29.4083 6.14775
  endloop
 endfacet

 facet normal -0.58928 -0.571153 -0.571431
  outer loop
  vertex 14.4832 -29.6595 6.16414
  vertex -17.2029 -29.4083 6.14775
  vertex 14.4832 -29.4083 6.14775
  endloop
 endfacet

 facet normal -nan -nan -nan
  outer loop
  vertex -17.2029 -29.4083 6.14775
  vertex 14.4832 -29.6595 6.16414
  vertex -17.2029 -29.6595 6.16414
  endloop
 endfacet

 facet normal -nan -nan -nan
  outer loop
  vertex -17.2029 -29.6595 6.16414
  vertex 14.4832 -29.6595 6.16414
  vertex -17.2029 -29.4083 6.14775
  endloop
 endfacet

 facet normal -0.58928 -0.571153 -0.571431
  outer loop
  vertex 14.4832 -29.4083 6.14775
  vertex -17.2029 -29.4083 6.14775
  vertex 14.4832 -29.6595 6.16414
  endloop
 endfacet

 facet normal -nan -nan -nan
  outer loop
  vertex -17.2029 -35.433 6.16414
  vertex -17.2029 -29.4083 6.14775
  vertex -17.2029 -29.6595 6.16414
  endloop
 endfacet

 facet normal -nan -nan -nan
  outer loop
  vertex -17.2029 -29.6595 6.16414
  vertex -17.2029 -29.4083 6.14775
  vertex -17.2029 -35.433 6.16414
  endloop
 endfacet

 facet normal -0.943235 0.0585957 -0.326916
  outer loop
  vertex -17.2029 -35.433 6.16414
  vertex -17.2029 -29.1614 6.09865
  vertex -17.2029 -29.4083 6.14775
  endloop
 endfacet

 facet normal -0.943235 0.0585957 -0.326916
  outer loop
  vertex -17.2029 -29.4083 6.14775
  vertex -17.2029 -29.1614 6.09865
  vertex -17.2029 -35.433 6.16414
  endloop
 endfacet

 facet normal -0.99998 -0.00626181 0
  outer loop
  vertex -17.2029 -29.1614 6.09865
  vertex 14.4832 -29.4083 6.14775
  vertex -17.2029 -29.4083 6.14775
  endloop
 endfacet

 facet normal -0.99998 -0.00626181 0
  outer loop
  vertex -17.2029 -29.4083 6.14775
  vertex 14.4832 -29.4083 6.14775
  vertex -17.2029 -29.1614 6.09865
  endloop
 endfacet

 facet normal -nan -nan -nan
  outer loop
  vertex 14.4832 -29.1614 6.09865
  vertex 14.4832 -27.7349 6.16414
  vertex 14.4832 -29.4083 6.14775
  endloop
 endfacet

 facet normal -nan -nan -nan
  outer loop
  vertex 14.4832 -29.4083 6.14775
  vertex 14.4832 -27.7349 6.16414
  vertex 14.4832 -29.1614 6.09865
  endloop
 endfacet

 facet normal -nan -nan -nan
  outer loop
  vertex 14.4832 -29.4083 6.14775
  vertex -17.2029 -29.1614 6.09865
  vertex 14.4832 -29.1614 6.09865
  endloop
 endfacet

 facet normal -nan -nan -nan
  outer loop
  vertex 14.4832 -29.1614 6.09865
  vertex -17.2029 -29.1614 6.09865
  vertex 14.4832 -29.4083 6.14775
  endloop
 endfacet

 facet normal -nan -nan -nan
  outer loop
  vertex -17.2029 -35.433 6.16414
  vertex -17.2029 -28.923 6.01775
  vertex -17.2029 -29.1614 6.09865
  endloop
 endfacet

 facet normal -nan -nan -nan
  outer loop
  vertex -17.2029 -29.1614 6.09865
  vertex -17.2029 -28.923 6.01775
  vertex -17.2029 -35.433 6.16414
  endloop
 endfacet

 facet normal -nan -nan -nan
  outer loop
  vertex -17.2029 -28.923 6.01775
  vertex 14.4832 -29.1614 6.09865
  vertex -17.2029 -29.1614 6.09865
  endloop
 endfacet

 facet normal -nan -nan -nan
  outer loop
  vertex -17.2029 -29.1614 6.09865
  vertex 14.4832 -29.1614 6.09865
  vertex -17.2029 -28.923 6.01775
  endloop
 endfacet

 facet normal -nan -nan -nan
  outer loop
  vertex 14.4832 -28.923 6.01775
  vertex 14.4832 -27.7349 6.16414
  vertex 14.4832 -29.1614 6.09865
  endloop
 endfacet

 facet normal -nan -nan -nan
  outer loop
  vertex 14.4832 -29.1614 6.09865
  vertex 14.4832 -27.7349 6.16414
  vertex 14.4832 -28.923 6.01775
  endloop
 endfacet

 facet normal -nan -nan -nan
  outer loop
  vertex 14.4832 -29.1614 6.09865
  vertex -17.2029 -28.923 6.01775
  vertex 14.4832 -28.923 6.01775
  endloop
 endfacet

 facet normal -nan -nan -nan
  outer loop
  vertex 14.4832 -28.923 6.01775
  vertex -17.2029 -28.923 6.01775
  vertex 14.4832 -29.1614 6.09865
  endloop
 endfacet

 facet normal -nan -nan -nan
  outer loop
  vertex -17.2029 -35.433 6.16414
  vertex -17.2029 -28.6973 5.90634
  vertex -17.2029 -28.923 6.01775
  endloop
 endfacet

 facet normal -nan -nan -nan
  outer loop
  vertex -17.2029 -28.923 6.01775
  vertex -17.2029 -28.6973 5.90634
  vertex -17.2029 -35.433 6.16414
  endloop
 endfacet

 facet normal -nan -nan -nan
  outer loop
  vertex -17.2029 -28.6973 5.90634
  vertex 14.4832 -28.923 6.01775
  vertex -17.2029 -28.923 6.01775
  endloop
 endfacet

 facet normal -nan -nan -nan
  outer loop
  vertex -17.2029 -28.923 6.01775
  vertex 14.4832 -28.923 6.01775
  vertex -17.2029 -28.6973 5.90634
  endloop
 endfacet

 facet normal -nan -nan -nan
  outer loop
  vertex 14.4832 -28.6973 5.90634
  vertex 14.4832 -27.7349 6.16414
  vertex 14.4832 -28.923 6.01775
  endloop
 endfacet

 facet normal -nan -nan -nan
  outer loop
  vertex 14.4832 -28.923 6.01775
  vertex 14.4832 -27.7349 6.16414
  vertex 14.4832 -28.6973 5.90634
  endloop
 endfacet

 facet normal -nan -nan -nan
  outer loop
  vertex 14.4832 -28.923 6.01775
  vertex -17.2029 -28.6973 5.90634
  vertex 14.4832 -28.6973 5.90634
  endloop
 endfacet

 facet normal -nan -nan -nan
  outer loop
  vertex 14.4832 -28.6973 5.90634
  vertex -17.2029 -28.6973 5.90634
  vertex 14.4832 -28.923 6.01775
  endloop
 endfacet

 facet normal -nan -nan -nan
  outer loop
  vertex -17.2029 -35.433 6.16414
  vertex -17.2029 -28.4879 5.76654
  vertex -17.2029 -28.6973 5.90634
  endloop
 endfacet

 facet normal -nan -nan -nan
  outer loop
  vertex -17.2029 -28.6973 5.90634
  vertex -17.2029 -28.4879 5.76654
  vertex -17.2029 -35.433 6.16414
  endloop
 endfacet

 facet normal -nan -nan -nan
  outer loop
  vertex -17.2029 -28.4879 5.76654
  vertex 14.4832 -28.6973 5.90634
  vertex -17.2029 -28.6973 5.90634
  endloop
 endfacet

 facet normal -nan -nan -nan
  outer loop
  vertex -17.2029 -28.6973 5.90634
  vertex 14.4832 -28.6973 5.90634
  vertex -17.2029 -28.4879 5.76654
  endloop
 endfacet

 facet normal -nan -nan -nan
  outer loop
  vertex 14.4832 -28.4879 5.76654
  vertex 14.4832 -27.7349 6.16414
  vertex 14.4832 -28.6973 5.90634
  endloop
 endfacet

 facet normal -nan -nan -nan
  outer loop
  vertex 14.4832 -28.6973 5.90634
  vertex 14.4832 -27.7349 6.16414
  vertex 14.4832 -28.4879 5.76654
  endloop
 endfacet

 facet normal -nan -nan -nan
  outer loop
  vertex 14.4832 -28.6973 5.90634
  vertex -17.2029 -28.4879 5.76654
  vertex 14.4832 -28.4879 5.76654
  endloop
 endfacet

 facet normal -nan -nan -nan
  outer loop
  vertex 14.4832 -28.4879 5.76654
  vertex -17.2029 -28.4879 5.76654
  vertex 14.4832 -28.6973 5.90634
  endloop
 endfacet

 facet normal -nan -nan -nan
  outer loop
  vertex -17.2029 -35.433 6.16414
  vertex -17.2029 -28.2987 5.60054
  vertex -17.2029 -28.4879 5.76654
  endloop
 endfacet

 facet normal -nan -nan -nan
  outer loop
  vertex -17.2029 -28.4879 5.76654
  vertex -17.2029 -28.2987 5.60054
  vertex -17.2029 -35.433 6.16414
  endloop
 endfacet

 facet normal -nan -nan -nan
  outer loop
  vertex -17.2029 -28.2987 5.60054
  vertex 14.4832 -28.4879 5.76654
  vertex -17.2029 -28.4879 5.76654
  endloop
 endfacet

 facet normal -nan -nan -nan
  outer loop
  vertex -17.2029 -28.4879 5.76654
  vertex 14.4832 -28.4879 5.76654
  vertex -17.2029 -28.2987 5.60054
  endloop
 endfacet

 facet normal -nan -nan -nan
  outer loop
  vertex 14.4832 -28.2987 5.60054
  vertex 14.4832 -27.7349 6.16414
  vertex 14.4832 -28.4879 5.76654
  endloop
 endfacet

 facet normal -nan -nan -nan
  outer loop
  vertex 14.4832 -28.4879 5.76654
  vertex 14.4832 -27.7349 6.16414
  vertex 14.4832 -28.2987 5.60054
  endloop
 endfacet

 facet normal -nan -nan -nan
  outer loop
  vertex 14.4832 -28.4879 5.76654
  vertex -17.2029 -28.2987 5.60054
  vertex 14.4832 -28.2987 5.60054
  endloop
 endfacet

 facet normal -nan -nan -nan
  outer loop
  vertex 14.4832 -28.2987 5.60054
  vertex -17.2029 -28.2987 5.60054
  vertex 14.4832 -28.4879 5.76654
  endloop
 endfacet

 facet normal -nan -nan -nan
  outer loop
  vertex 14.4832 -28.1327 5.41124
  vertex 14.4832 -27.7349 6.16414
  vertex 14.4832 -28.2987 5.60054
  endloop
 endfacet

 facet normal -nan -nan -nan
  outer loop
  vertex 14.4832 -28.2987 5.60054
  vertex 14.4832 -27.7349 6.16414
  vertex 14.4832 -28.1327 5.41124
  endloop
 endfacet

 facet normal -nan -nan -nan
  outer loop
  vertex -17.2029 -28.2987 5.60054
  vertex 14.4832 -28.1327 5.41124
  vertex 14.4832 -28.2987 5.60054
  endloop
 endfacet

 facet normal -nan -nan -nan
  outer loop
  vertex 14.4832 -28.2987 5.60054
  vertex 14.4832 -28.1327 5.41124
  vertex -17.2029 -28.2987 5.60054
  endloop
 endfacet

 facet normal -0.474059 -0.499764 -0.724917
  outer loop
  vertex -17.2029 -35.433 6.16414
  vertex -17.2029 -28.1327 5.41124
  vertex -17.2029 -28.2987 5.60054
  endloop
 endfacet

 facet normal -0.474059 -0.499764 -0.724917
  outer loop
  vertex -17.2029 -28.2987 5.60054
  vertex -17.2029 -28.1327 5.41124
  vertex -17.2029 -35.433 6.16414
  endloop
 endfacet

 facet normal -nan -nan -nan
  outer loop
  vertex 14.4832 -28.1327 5.41124
  vertex -17.2029 -28.2987 5.60054
  vertex -17.2029 -28.1327 5.41124
  endloop
 endfacet

 facet normal -nan -nan -nan
  outer loop
  vertex -17.2029 -28.1327 5.41124
  vertex -17.2029 -28.2987 5.60054
  vertex 14.4832 -28.1327 5.41124
  endloop
 endfacet

 facet normal -nan -nan -nan
  outer loop
  vertex 14.4832 -27.9928 5.20194
  vertex 14.4832 -27.7349 6.16414
  vertex 14.4832 -28.1327 5.41124
  endloop
 endfacet

 facet normal -nan -nan -nan
  outer loop
  vertex 14.4832 -28.1327 5.41124
  vertex 14.4832 -27.7349 6.16414
  vertex 14.4832 -27.9928 5.20194
  endloop
 endfacet

 facet normal -nan -nan -nan
  outer loop
  vertex -17.2029 -28.1327 5.41124
  vertex 14.4832 -27.9928 5.20194
  vertex 14.4832 -28.1327 5.41124
  endloop
 endfacet

 facet normal -nan -nan -nan
  outer loop
  vertex 14.4832 -28.1327 5.41124
  vertex 14.4832 -27.9928 5.20194
  vertex -17.2029 -28.1327 5.41124
  endloop
 endfacet

 facet normal -nan -nan -nan
  outer loop
  vertex -17.2029 -35.433 6.16414
  vertex -17.2029 -27.9928 5.20194
  vertex -17.2029 -28.1327 5.41124
  endloop
 endfacet

 facet normal -nan -nan -nan
  outer loop
  vertex -17.2029 -28.1327 5.41124
  vertex -17.2029 -27.9928 5.20194
  vertex -17.2029 -35.433 6.16414
  endloop
 endfacet

 facet normal -nan -nan -nan
  outer loop
  vertex 14.4832 -27.9928 5.20194
  vertex -17.2029 -28.1327 5.41124
  vertex -17.2029 -27.9928 5.20194
  endloop
 endfacet

 facet normal -nan -nan -nan
  outer loop
  vertex -17.2029 -27.9928 5.20194
  vertex -17.2029 -28.1327 5.41124
  vertex 14.4832 -27.9928 5.20194
  endloop
 endfacet

 facet normal -nan -nan -nan
  outer loop
  vertex 14.4832 -27.8815 4.97614
  vertex 14.4832 -27.7349 6.16414
  vertex 14.4832 -27.9928 5.20194
  endloop
 endfacet

 facet normal -nan -nan -nan
  outer loop
  vertex 14.4832 -27.9928 5.20194
  vertex 14.4832 -27.7349 6.16414
  vertex 14.4832 -27.8815 4.97614
  endloop
 endfacet

 facet normal -nan -nan -nan
  outer loop
  vertex -17.2029 -27.9928 5.20194
  vertex 14.4832 -27.8815 4.97614
  vertex 14.4832 -27.9928 5.20194
  endloop
 endfacet

 facet normal -nan -nan -nan
  outer loop
  vertex 14.4832 -27.9928 5.20194
  vertex 14.4832 -27.8815 4.97614
  vertex -17.2029 -27.9928 5.20194
  endloop
 endfacet

 facet normal -nan -nan -nan
  outer loop
  vertex -17.2029 -35.433 6.16414
  vertex -17.2029 -27.8815 4.97614
  vertex -17.2029 -27.9928 5.20194
  endloop
 endfacet

 facet normal -nan -nan -nan
  outer loop
  vertex -17.2029 -27.9928 5.20194
  vertex -17.2029 -27.8815 4.97614
  vertex -17.2029 -35.433 6.16414
  endloop
 endfacet

 facet normal -nan -nan -nan
  outer loop
  vertex 14.4832 -27.8815 4.97614
  vertex -17.2029 -27.9928 5.20194
  vertex -17.2029 -27.8815 4.97614
  endloop
 endfacet

 facet normal -nan -nan -nan
  outer loop
  vertex -17.2029 -27.8815 4.97614
  vertex -17.2029 -27.9928 5.20194
  vertex 14.4832 -27.8815 4.97614
  endloop
 endfacet

 facet normal 1 0 0
  outer loop
  vertex 14.4832 -27.8006 4.73774
  vertex 14.4832 -27.7349 6.16414
  vertex 14.4832 -27.8815 4.97614
  endloop
 endfacet

 facet normal 1 0 0
  outer loop
  vertex 14.4832 -27.8815 4.97614
  vertex 14.4832 -27.7349 6.16414
  vertex 14.4832 -27.8006 4.73774
  endloop
 endfacet

 facet normal 1 0 0
  outer loop
  vertex -17.2029 -27.8815 4.97614
  vertex 14.4832 -27.8006 4.73774
  vertex 14.4832 -27.8815 4.97614
  endloop
 endfacet

 facet normal 1 0 0
  outer loop
  vertex 14.4832 -27.8815 4.97614
  vertex 14.4832 -27.8006 4.73774
  vertex -17.2029 -27.8815 4.97614
  endloop
 endfacet

 facet normal -0.972458 -0.228286 -0.0470175
  outer loop
  vertex -17.2029 -35.433 6.16414
  vertex -17.2029 -27.8006 4.73774
  vertex -17.2029 -27.8815 4.97614
  endloop
 endfacet

 facet normal -0.972458 -0.228286 -0.0470175
  outer loop
  vertex -17.2029 -27.8815 4.97614
  vertex -17.2029 -27.8006 4.73774
  vertex -17.2029 -35.433 6.16414
  endloop
 endfacet

 facet normal -0.801784 0.534523 0.267261
  outer loop
  vertex 14.4832 -27.8006 4.73774
  vertex -17.2029 -27.8815 4.97614
  vertex -17.2029 -27.8006 4.73774
  endloop
 endfacet

 facet normal -0.801784 0.534523 0.267261
  outer loop
  vertex -17.2029 -27.8006 4.73774
  vertex -17.2029 -27.8815 4.97614
  vertex 14.4832 -27.8006 4.73774
  endloop
 endfacet

 facet normal 0 1 0
  outer loop
  vertex 14.4832 -27.7514 4.49085
  vertex 14.4832 -27.7349 6.16414
  vertex 14.4832 -27.8006 4.73774
  endloop
 endfacet

 facet normal 0 1 0
  outer loop
  vertex 14.4832 -27.8006 4.73774
  vertex 14.4832 -27.7349 6.16414
  vertex 14.4832 -27.7514 4.49085
  endloop
 endfacet

 facet normal 0.126238 0.977288 0.17021
  outer loop
  vertex -17.2029 -27.8006 4.73774
  vertex 14.4832 -27.7514 4.49085
  vertex 14.4832 -27.8006 4.73774
  endloop
 endfacet

 facet normal 0.126238 0.977288 0.17021
  outer loop
  vertex 14.4832 -27.8006 4.73774
  vertex 14.4832 -27.7514 4.49085
  vertex -17.2029 -27.8006 4.73774
  endloop
 endfacet

 facet normal -0.876237 0.481651 0.014862
  outer loop
  vertex -17.2029 -35.433 6.16414
  vertex -17.2029 -27.7514 4.49085
  vertex -17.2029 -27.8006 4.73774
  endloop
 endfacet

 facet normal -0.876237 0.481651 0.014862
  outer loop
  vertex -17.2029 -27.8006 4.73774
  vertex -17.2029 -27.7514 4.49085
  vertex -17.2029 -35.433 6.16414
  endloop
 endfacet

 facet normal -0.407038 0.903634 0.133289
  outer loop
  vertex 14.4832 -27.7514 4.49085
  vertex -17.2029 -27.8006 4.73774
  vertex -17.2029 -27.7514 4.49085
  endloop
 endfacet

 facet normal -0.407038 0.903634 0.133289
  outer loop
  vertex -17.2029 -27.7514 4.49085
  vertex -17.2029 -27.8006 4.73774
  vertex 14.4832 -27.7514 4.49085
  endloop
 endfacet

 facet normal -nan -nan -nan
  outer loop
  vertex -17.2029 -35.433 -16.2767
  vertex -17.2029 -27.7349 -8.40275
  vertex -17.2029 -35.433 6.16414
  endloop
 endfacet

 facet normal -nan -nan -nan
  outer loop
  vertex -17.2029 -35.433 6.16414
  vertex -17.2029 -27.7349 -8.40275
  vertex -17.2029 -27.7349 4.23965
  endloop
 endfacet

 facet normal -0.184987 0.954113 -0.235472
  outer loop
  vertex -17.2029 -35.433 6.16414
  vertex -17.2029 -27.7349 4.23965
  vertex -17.2029 -27.7514 4.49085
  endloop
 endfacet

 facet normal -0.184987 0.954113 -0.235472
  outer loop
  vertex -17.2029 -27.7514 4.49085
  vertex -17.2029 -27.7349 4.23965
  vertex -17.2029 -35.433 6.16414
  endloop
 endfacet

 facet normal -nan -nan -nan
  outer loop
  vertex -17.2029 -27.7349 4.23965
  vertex -17.2029 -27.7349 -8.40275
  vertex -17.2029 -35.433 6.16414
  endloop
 endfacet

 facet normal -nan -nan -nan
  outer loop
  vertex -17.2029 -35.433 6.16414
  vertex -17.2029 -27.7349 -8.40275
  vertex -17.2029 -35.433 -16.2767
  endloop
 endfacet

 facet normal -0.847203 -0.495709 0.191099
  outer loop
  vertex 15.427 -35.433 -16.2767
  vertex -17.2029 -35.433 6.16414
  vertex -17.2029 -35.433 -16.2767
  endloop
 endfacet

 facet normal -0.336921 -0.531795 0.776967
  outer loop
  vertex -17.2029 -35.433 6.16414
  vertex 15.427 -35.433 -16.2767
  vertex 18.7809 -35.433 6.16414
  endloop
 endfacet

 facet normal -0.336921 -0.531795 0.776967
  outer loop
  vertex 18.7809 -35.433 6.16414
  vertex 15.427 -35.433 -16.2767
  vertex -17.2029 -35.433 6.16414
  endloop
 endfacet

 facet normal -0.847203 -0.495709 0.191099
  outer loop
  vertex -17.2029 -35.433 -16.2767
  vertex -17.2029 -35.433 6.16414
  vertex 15.427 -35.433 -16.2767
  endloop
 endfacet

 facet normal -0.680209 0.00620558 0.732992
  outer loop
  vertex 18.7809 31.5122 6.16414
  vertex 18.7809 -35.433 6.16414
  vertex 15.427 -35.433 -16.2767
  endloop
 endfacet

 facet normal -0.666651 -0.590567 0.45476
  outer loop
  vertex 18.7809 -35.433 6.16414
  vertex 18.7809 31.5122 6.16414
  vertex 18.7809 -31.584 6.16414
  endloop
 endfacet

 facet normal -0.666651 -0.590567 0.45476
  outer loop
  vertex 18.7809 -31.584 6.16414
  vertex 18.7809 31.5122 6.16414
  vertex 18.7809 -35.433 6.16414
  endloop
 endfacet

 facet normal -0.680209 0.00620558 0.732992
  outer loop
  vertex 15.427 -35.433 -16.2767
  vertex 18.7809 -35.433 6.16414
  vertex 18.7809 31.5122 6.16414
  endloop
 endfacet

 facet normal -0.997504 0.0675082 -0.0206941
  outer loop
  vertex 18.7809 31.5122 6.16414
  vertex 15.6427 31.5122 11.9978
  vertex 19.5651 31.5122 11.4116
  endloop
 endfacet

 facet normal -0.997504 0.0675082 -0.0206941
  outer loop
  vertex 19.5651 31.5122 11.4116
  vertex 15.6427 31.5122 11.9978
  vertex 18.7809 31.5122 6.16414
  endloop
 endfacet

 facet normal -0.976527 0.00567114 0.215319
  outer loop
  vertex 15.427 -35.433 -16.2767
  vertex 18.7809 35.433 6.16414
  vertex 18.7809 31.5122 6.16414
  endloop
 endfacet

 facet normal -0.905109 -0.373006 -0.20407
  outer loop
  vertex 18.7809 -31.584 6.16414
  vertex 18.7809 31.5122 6.16414
  vertex 19.5651 31.5122 11.4116
  endloop
 endfacet

 facet normal -0.905109 -0.373006 -0.20407
  outer loop
  vertex 19.5651 31.5122 11.4116
  vertex 18.7809 31.5122 6.16414
  vertex 18.7809 -31.584 6.16414
  endloop
 endfacet

 facet normal -0.976527 0.00567114 0.215319
  outer loop
  vertex 18.7809 31.5122 6.16414
  vertex 18.7809 35.433 6.16414
  vertex 15.427 -35.433 -16.2767
  endloop
 endfacet

 facet normal -0.429949 -0.731414 0.529318
  outer loop
  vertex 15.6427 -31.584 11.9978
  vertex 18.7809 -31.584 6.16414
  vertex 19.5651 -31.584 11.4116
  endloop
 endfacet

 facet normal -0.429949 -0.731414 0.529318
  outer loop
  vertex 19.5651 -31.584 11.4116
  vertex 18.7809 -31.584 6.16414
  vertex 15.6427 -31.584 11.9978
  endloop
 endfacet

 facet normal -0.600152 -0.775504 0.195986
  outer loop
  vertex 18.7809 -31.584 6.16414
  vertex 19.5651 31.5122 11.4116
  vertex 19.5651 -31.584 11.4116
  endloop
 endfacet

 facet normal -0.600152 -0.775504 0.195986
  outer loop
  vertex 19.5651 -31.584 11.4116
  vertex 19.5651 31.5122 11.4116
  vertex 18.7809 -31.584 6.16414
  endloop
 endfacet

 facet normal -0.989933 0.0451467 0.134144
  outer loop
  vertex 15.6427 -31.584 11.9978
  vertex 19.5651 31.5122 11.4116
  vertex 15.6427 31.5122 11.9978
  endloop
 endfacet

 facet normal -0.78985 -0.193062 0.58212
  outer loop
  vertex 19.5651 31.5122 11.4116
  vertex 15.6427 -31.584 11.9978
  vertex 19.5651 -31.584 11.4116
  endloop
 endfacet

 facet normal -0.78985 -0.193062 0.58212
  outer loop
  vertex 19.5651 -31.584 11.4116
  vertex 15.6427 -31.584 11.9978
  vertex 19.5651 31.5122 11.4116
  endloop
 endfacet

 facet normal -0.989933 0.0451467 0.134144
  outer loop
  vertex 15.6427 31.5122 11.9978
  vertex 19.5651 31.5122 11.4116
  vertex 15.6427 -31.584 11.9978
  endloop
 endfacet

 facet normal -0.835602 0.498198 0.231448
  outer loop
  vertex 18.7809 35.433 6.16414
  vertex 15.427 -35.433 -16.2767
  vertex 15.427 35.433 -16.2767
  endloop
 endfacet

 facet normal -0.835602 0.498198 0.231448
  outer loop
  vertex 15.427 35.433 -16.2767
  vertex 15.427 -35.433 -16.2767
  vertex 18.7809 35.433 6.16414
  endloop
 endfacet

 facet normal -0.81252 0.475963 0.336557
  outer loop
  vertex 15.427 35.433 -16.2767
  vertex -17.2029 -35.433 -16.2767
  vertex 15.427 -35.433 -16.2767
  endloop
 endfacet

 facet normal -0.81252 0.475963 0.336557
  outer loop
  vertex 15.427 -35.433 -16.2767
  vertex -17.2029 -35.433 -16.2767
  vertex 15.427 35.433 -16.2767
  endloop
 endfacet

 facet normal -0.845831 0 -0.533451
  outer loop
  vertex -17.2029 29.5518 6.16414
  vertex 18.7809 35.433 6.16414
  vertex -17.2029 35.433 6.16414
  endloop
 endfacet

 facet normal -0.845831 0 -0.533451
  outer loop
  vertex -17.2029 35.433 6.16414
  vertex 18.7809 35.433 6.16414
  vertex -17.2029 29.5518 6.16414
  endloop
 endfacet

 facet normal -0.886383 0.449908 -0.109119
  outer loop
  vertex 15.427 35.433 -16.2767
  vertex -17.2029 35.433 6.16414
  vertex 18.7809 35.433 6.16414
  endloop
 endfacet

 facet normal -0.886383 0.449908 -0.109119
  outer loop
  vertex 18.7809 35.433 6.16414
  vertex -17.2029 35.433 6.16414
  vertex 15.427 35.433 -16.2767
  endloop
 endfacet

 facet normal -0.894427 0.447214 0
  outer loop
  vertex -17.2029 35.433 6.16414
  vertex 15.427 35.433 -16.2767
  vertex -17.2029 35.433 -16.2767
  endloop
 endfacet

 facet normal -0.894427 0.447214 0
  outer loop
  vertex -17.2029 35.433 -16.2767
  vertex 15.427 35.433 -16.2767
  vertex -17.2029 35.433 6.16414
  endloop
 endfacet

 facet normal -0.894427 0.447214 0
  outer loop
  vertex -17.2029 -35.433 -16.2767
  vertex 15.427 35.433 -16.2767
  vertex -17.2029 35.433 -16.2767
  endloop
 endfacet

 facet normal -0.894427 0.447214 0
  outer loop
  vertex -17.2029 35.433 -16.2767
  vertex 15.427 35.433 -16.2767
  vertex -17.2029 -35.433 -16.2767
  endloop
 endfacet

 facet normal -1 0 0
  outer loop
  vertex -17.2029 35.433 -16.2767
  vertex -17.2029 27.5914 -8.40275
  vertex -17.2029 -35.433 -16.2767
  endloop
 endfacet

 facet normal -nan -nan -nan
  outer loop
  vertex -17.2029 -27.7349 -8.40275
  vertex -17.2029 -35.433 -16.2767
  vertex -17.2029 27.5914 -8.40275
  endloop
 endfacet

 facet normal -nan -nan -nan
  outer loop
  vertex -17.2029 27.5914 -8.40275
  vertex -17.2029 -35.433 -16.2767
  vertex -17.2029 -27.7349 -8.40275
  endloop
 endfacet

 facet normal -1 0 0
  outer loop
  vertex -17.2029 -35.433 -16.2767
  vertex -17.2029 27.5914 -8.40275
  vertex -17.2029 35.433 -16.2767
  endloop
 endfacet

 facet normal -1 0 0
  outer loop
  vertex -17.2029 27.5914 -8.40275
  vertex -17.2029 35.433 -16.2767
  vertex -17.2029 35.433 6.16414
  endloop
 endfacet

 facet normal -1 0 0
  outer loop
  vertex -17.2029 35.433 6.16414
  vertex -17.2029 35.433 -16.2767
  vertex -17.2029 27.5914 -8.40275
  endloop
 endfacet

 facet normal 0.57735 0.57735 -0.57735
  outer loop
  vertex -17.2029 27.5914 -8.40275
  vertex 12.5938 0.02015 -8.40275
  vertex 12.5938 27.5914 -8.40275
  endloop
 endfacet

 facet normal -nan -nan -nan
  outer loop
  vertex 12.5938 0.02015 -8.40275
  vertex -17.2029 27.5914 -8.40275
  vertex -17.2029 -27.7349 -8.40275
  endloop
 endfacet

 facet normal -nan -nan -nan
  outer loop
  vertex -17.2029 -27.7349 -8.40275
  vertex -17.2029 27.5914 -8.40275
  vertex 12.5938 0.02015 -8.40275
  endloop
 endfacet

 facet normal 0.57735 0.57735 -0.57735
  outer loop
  vertex 12.5938 27.5914 -8.40275
  vertex 12.5938 0.02015 -8.40275
  vertex -17.2029 27.5914 -8.40275
  endloop
 endfacet

 facet normal 0.57735 0.57735 -0.57735
  outer loop
  vertex 12.5938 0.02015 -8.40275
  vertex -17.2029 27.5914 -8.40275
  vertex 12.5938 27.5914 -8.40275
  endloop
 endfacet

 facet normal 0.57735 0.57735 -0.57735
  outer loop
  vertex -17.2029 27.5914 -8.40275
  vertex -19.5651 0.02015 -8.40275
  vertex -19.5651 27.5914 -8.40275
  endloop
 endfacet

 facet normal 0.447214 0 -0.894427
  outer loop
  vertex -19.5651 0.02015 -8.40275
  vertex -17.2029 27.5914 -8.40275
  vertex 12.5938 0.02015 -8.40275
  endloop
 endfacet

 facet normal 0.447214 0 -0.894427
  outer loop
  vertex 12.5938 0.02015 -8.40275
  vertex -17.2029 27.5914 -8.40275
  vertex -19.5651 0.02015 -8.40275
  endloop
 endfacet

 facet normal 0.57735 0.57735 -0.57735
  outer loop
  vertex -19.5651 27.5914 -8.40275
  vertex -19.5651 0.02015 -8.40275
  vertex -17.2029 27.5914 -8.40275
  endloop
 endfacet

 facet normal 0.57735 0.57735 -0.57735
  outer loop
  vertex 12.5938 27.5914 -8.40275
  vertex -17.2029 27.5914 -8.40275
