solid AssimpScene
 facet normal -0.00520819 -0.999986 -1.35897e-05
  outer loop
  vertex -100.002 385 -325
  vertex -100.002 1075 -325
  vertex 230.001 1075 -325
  endloop
 endfacet

 facet normal -0.00520819 -0.999986 -1.35897e-05
  outer loop
  vertex 230.001 1075 -325
  vertex -100.002 1075 -325
  vertex -100.002 385 -325
  endloop
 endfacet

 facet normal -nan -nan -nan
  outer loop
  vertex -100.002 385 -325
  vertex 230.001 1075 -325
  vertex 230.001 385 -325
  endloop
 endfacet

 facet normal -nan -nan -nan
  outer loop
  vertex 230.001 385 -325
  vertex 230.001 1075 -325
  vertex -100.002 385 -325
  endloop
 endfacet

 facet normal -0.00520819 -0.999986 -1.35897e-05
  outer loop
  vertex -430.001 385 -325
  vertex -100.002 1075 -325
  vertex -100.002 385 -325
  endloop
 endfacet

 facet normal -0.00520819 -0.999986 -1.35897e-05
  outer loop
  vertex -100.002 385 -325
  vertex -100.002 1075 -325
  vertex -430.001 385 -325
  endloop
 endfacet

 facet normal -nan -nan -nan
  outer loop
  vertex 230.001 377.638 -323.595
  vertex -100.002 385 -325
  vertex 230.001 385 -325
  endloop
 endfacet

 facet normal -nan -nan -nan
  outer loop
  vertex 230.001 385 -325
  vertex -100.002 385 -325
  vertex 230.001 377.638 -323.595
  endloop
 endfacet

 facet normal 0.00354082 -0.280121 -0.959958
  outer loop
  vertex -430.001 377.638 -323.595
  vertex -430.001 385 -325
  vertex -100.002 385 -325
  endloop
 endfacet

 facet normal 0.00354082 -0.280121 -0.959958
  outer loop
  vertex -100.002 385 -325
  vertex -430.001 385 -325
  vertex -430.001 377.638 -323.595
  endloop
 endfacet

 facet normal -nan -nan -nan
  outer loop
  vertex 230.001 370.858 -319.142
  vertex -100.002 385 -325
  vertex 230.001 377.638 -323.595
  endloop
 endfacet

 facet normal -nan -nan -nan
  outer loop
  vertex 230.001 377.638 -323.595
  vertex -100.002 385 -325
  vertex 230.001 370.858 -319.142
  endloop
 endfacet

 facet normal -0.0047119 0.112513 -0.993639
  outer loop
  vertex -430.001 370.858 -319.142
  vertex -430.001 377.638 -323.595
  vertex -100.002 385 -325
  endloop
 endfacet

 facet normal -0.0047119 0.112513 -0.993639
  outer loop
  vertex -100.002 385 -325
  vertex -430.001 377.638 -323.595
  vertex -430.001 370.858 -319.142
  endloop
 endfacet

 facet normal 0.00414719 0.387294 -0.921947
  outer loop
  vertex 230.001 370.858 -319.142
  vertex -100.002 365 -305
  vertex -100.002 385 -325
  endloop
 endfacet

 facet normal 0.00414719 0.387294 -0.921947
  outer loop
  vertex -100.002 385 -325
  vertex -100.002 365 -305
  vertex 230.001 370.858 -319.142
  endloop
 endfacet

 facet normal -0.00794388 0.286157 -0.95815
  outer loop
  vertex -100.002 365 -305
  vertex -430.001 370.858 -319.142
  vertex -100.002 385 -325
  endloop
 endfacet

 facet normal -0.00794388 0.286157 -0.95815
  outer loop
  vertex -100.002 385 -325
  vertex -430.001 370.858 -319.142
  vertex -100.002 365 -305
  endloop
 endfacet

 facet normal 0.759086 -0.584207 -0.287211
  outer loop
  vertex -430.001 377.638 -323.595
  vertex -435.691 385 -324.454
  vertex -430.001 385 -325
  endloop
 endfacet

 facet normal 0.759086 -0.584207 -0.287211
  outer loop
  vertex -430.001 385 -325
  vertex -435.691 385 -324.454
  vertex -430.001 377.638 -323.595
  endloop
 endfacet

 facet normal 0.513529 0.164235 -0.842208
  outer loop
  vertex -430.001 370.858 -319.142
  vertex -435.691 385 -324.454
  vertex -430.001 377.638 -323.595
  endloop
 endfacet

 facet normal 0.513529 0.164236 -0.842208
  outer loop
  vertex -430.001 377.638 -323.595
  vertex -435.691 385 -324.454
  vertex -430.001 370.858 -319.142
  endloop
 endfacet

 facet normal 0.806559 -0.0733235 0.586588
  outer loop
  vertex -435.691 385 -324.454
  vertex -435.609 1075 -324.47
  vertex -430.001 385 -325
  endloop
 endfacet

 facet normal 0.806559 -0.0733236 0.586588
  outer loop
  vertex -430.001 385 -325
  vertex -435.609 1075 -324.47
  vertex -435.691 385 -324.454
  endloop
 endfacet

 facet normal 0.806559 -0.0733236 0.586588
  outer loop
  vertex -435.691 385 -324.454
  vertex -441.021 1075 -322.903
  vertex -435.609 1075 -324.47
  endloop
 endfacet

 facet normal 0.806559 -0.0733236 0.586588
  outer loop
  vertex -435.609 1075 -324.47
  vertex -441.021 1075 -322.903
  vertex -435.691 385 -324.454
  endloop
 endfacet

 facet normal 0.550173 -0.82203 -0.146887
  outer loop
  vertex -438.967 370.786 -317.337
  vertex -435.691 385 -324.454
  vertex -430.001 370.858 -319.142
  endloop
 endfacet

 facet normal 0.550173 -0.82203 -0.146887
  outer loop
  vertex -430.001 370.858 -319.142
  vertex -435.691 385 -324.454
  vertex -438.967 370.786 -317.337
  endloop
 endfacet

 facet normal 0.350569 -0.901164 0.254959
  outer loop
  vertex -441.177 385 -322.841
  vertex -441.021 1075 -322.903
  vertex -435.691 385 -324.454
  endloop
 endfacet

 facet normal 0.350569 -0.901164 0.254959
  outer loop
  vertex -435.691 385 -324.454
  vertex -441.021 1075 -322.903
  vertex -441.177 385 -322.841
  endloop
 endfacet

 facet normal -0.0883812 -0.610234 0.787276
  outer loop
  vertex -438.967 370.786 -317.337
  vertex -440.582 377.174 -321.361
  vertex -435.691 385 -324.454
  endloop
 endfacet

 facet normal -0.0883812 -0.610234 0.787276
  outer loop
  vertex -435.691 385 -324.454
  vertex -440.582 377.174 -321.361
  vertex -438.967 370.786 -317.337
  endloop
 endfacet

 facet normal -0.101882 -0.725966 0.680142
  outer loop
  vertex -440.582 377.174 -321.361
  vertex -441.177 385 -322.841
  vertex -435.691 385 -324.454
  endloop
 endfacet

 facet normal -0.101882 -0.725967 0.680142
  outer loop
  vertex -435.691 385 -324.454
  vertex -441.177 385 -322.841
  vertex -440.582 377.174 -321.361
  endloop
 endfacet

 facet normal 0 -1 0
  outer loop
  vertex -430.001 385 -325
  vertex -435.609 1075 -324.47
  vertex -430.001 1075 -325
  endloop
 endfacet

 facet normal 0 -1 0
  outer loop
  vertex -430.001 1075 -325
  vertex -435.609 1075 -324.47
  vertex -430.001 385 -325
  endloop
 endfacet

 facet normal 0.00781226 0 -0.999969
  outer loop
  vertex -435.609 1075 -324.47
  vertex -430.001 1082.36 -323.595
  vertex -430.001 1075 -325
  endloop
 endfacet

 facet normal 0.00781226 0 -0.999969
  outer loop
  vertex -430.001 1075 -325
  vertex -430.001 1082.36 -323.595
  vertex -435.609 1075 -324.47
  endloop
 endfacet

 facet normal 0.00451044 0.169103 -0.985588
  outer loop
  vertex -435.609 1075 -324.47
  vertex -430.001 1089.14 -319.142
  vertex -430.001 1082.36 -323.595
  endloop
 endfacet

 facet normal 0.00451044 0.169103 -0.985588
  outer loop
  vertex -430.001 1082.36 -323.595
  vertex -430.001 1089.14 -319.142
  vertex -435.609 1075 -324.47
  endloop
 endfacet

 facet normal -0.174078 0.696311 -0.696311
  outer loop
  vertex -441.021 1075 -322.903
  vertex -440.754 1082.83 -321.291
  vertex -435.609 1075 -324.47
  endloop
 endfacet

 facet normal -0.174078 0.696311 -0.696311
  outer loop
  vertex -435.609 1075 -324.47
  vertex -440.754 1082.83 -321.291
  vertex -441.021 1075 -322.903
  endloop
 endfacet

 facet normal 0.308927 -0.30941 -0.899349
  outer loop
  vertex -435.609 1075 -324.47
  vertex -436.611 1093.56 -311.16
  vertex -430.001 1089.14 -319.142
  endloop
 endfacet

 facet normal 0.308927 -0.30941 -0.899349
  outer loop
  vertex -430.001 1089.14 -319.142
  vertex -436.611 1093.56 -311.16
  vertex -435.609 1075 -324.47
  endloop
 endfacet

 facet normal 0.337369 0.936097 -0.0995196
  outer loop
  vertex -435.609 1075 -324.47
  vertex -440.754 1082.83 -321.291
  vertex -439.113 1089.21 -317.278
  endloop
 endfacet

 facet normal 0.337369 0.936097 -0.0995196
  outer loop
  vertex -439.113 1089.21 -317.278
  vertex -440.754 1082.83 -321.291
  vertex -435.609 1075 -324.47
  endloop
 endfacet

 facet normal 0.957792 -0.285482 0.0336745
  outer loop
  vertex -436.611 1093.56 -311.16
  vertex -435.609 1075 -324.47
  vertex -439.113 1089.21 -317.278
  endloop
 endfacet

 facet normal 0.957792 -0.285482 0.0336745
  outer loop
  vertex -439.113 1089.21 -317.278
  vertex -435.609 1075 -324.47
  vertex -436.611 1093.56 -311.16
  endloop
 endfacet

 facet normal -0.00232921 -0.894427 0.447208
  outer loop
  vertex -430.001 385 -325
  vertex -430.001 1075 -325
  vertex -100.002 1075 -325
  endloop
 endfacet

 facet normal -0.00232921 -0.894427 0.447208
  outer loop
  vertex -100.002 1075 -325
  vertex -430.001 1075 -325
  vertex -430.001 385 -325
  endloop
 endfacet

 facet normal 0.00260399 -0.999997 1.69277e-05
  outer loop
  vertex -430.001 1075 -325
  vertex -430.001 1082.36 -323.595
  vertex -100.002 1075 -325
  endloop
 endfacet

 facet normal 0.00260399 -0.999997 1.69277e-05
  outer loop
  vertex -100.002 1075 -325
  vertex -430.001 1082.36 -323.595
  vertex -430.001 1075 -325
  endloop
 endfacet

 facet normal 0.00260402 -0.707113 -0.707096
  outer loop
  vertex -100.002 1075 -325
  vertex -430.001 1082.36 -323.595
  vertex -430.001 1089.14 -319.142
  endloop
 endfacet

 facet normal 0.00260402 -0.707113 -0.707096
  outer loop
  vertex -430.001 1089.14 -319.142
  vertex -430.001 1082.36 -323.595
  vertex -100.002 1075 -325
  endloop
 endfacet

 facet normal -0.579352 -0.576351 0.576343
  outer loop
  vertex -100.002 1075 -325
  vertex 230.001 1082.36 -323.595
  vertex 230.001 1075 -325
  endloop
 endfacet

 facet normal -0.579352 -0.576351 0.576343
  outer loop
  vertex 230.001 1075 -325
  vertex 230.001 1082.36 -323.595
  vertex -100.002 1075 -325
  endloop
 endfacet

 facet normal -0.554094 0.533359 0.639146
  outer loop
  vertex -100.002 1075 -325
  vertex 230.001 1089.14 -319.142
  vertex 230.001 1082.36 -323.595
  endloop
 endfacet

 facet normal -0.554094 0.533359 0.639146
  outer loop
  vertex 230.001 1082.36 -323.595
  vertex 230.001 1089.14 -319.142
  vertex -100.002 1075 -325
  endloop
 endfacet

 facet normal -0.0330926 0.943852 0.328707
  outer loop
  vertex 230.001 1089.14 -319.142
  vertex -100.002 1075 -325
  vertex -100.002 1095 -305
  endloop
 endfacet

 facet normal -0.0330926 0.943852 0.328707
  outer loop
  vertex -100.002 1095 -305
  vertex -100.002 1075 -325
  vertex 230.001 1089.14 -319.142
  endloop
 endfacet

 facet normal -0.163867 0.45444 -0.875575
  outer loop
  vertex -100.002 1075 -325
  vertex -430.001 1089.14 -319.142
  vertex -100.002 1095 -305
  endloop
 endfacet

 facet normal -0.163867 0.45444 -0.875575
  outer loop
  vertex -100.002 1095 -305
  vertex -430.001 1089.14 -319.142
  vertex -100.002 1075 -325
  endloop
 endfacet

 facet normal -0.65723 -0.535917 -0.529945
  outer loop
  vertex 230.001 1075 -325
  vertex 230.001 1082.36 -323.595
  vertex 235.691 1075 -324.454
  endloop
 endfacet

 facet normal -0.65723 -0.535917 -0.529945
  outer loop
  vertex 235.691 1075 -324.454
  vertex 230.001 1082.36 -323.595
  vertex 230.001 1075 -325
  endloop
 endfacet

 facet normal -0.693603 0.561967 -0.450675
  outer loop
  vertex 235.691 1075 -324.454
  vertex 230.001 1082.36 -323.595
  vertex 230.001 1089.14 -319.142
  endloop
 endfacet

 facet normal -0.693603 0.561967 -0.450675
  outer loop
  vertex 230.001 1089.14 -319.142
  vertex 230.001 1082.36 -323.595
  vertex 235.691 1075 -324.454
  endloop
 endfacet

 facet normal -nan -nan -nan
  outer loop
  vertex 230.001 385 -325
  vertex 230.001 1075 -325
  vertex 235.611 385 -324.47
  endloop
 endfacet

 facet normal -nan -nan -nan
  outer loop
  vertex 235.611 385 -324.47
  vertex 230.001 1075 -325
  vertex 230.001 385 -325
  endloop
 endfacet

 facet normal -0.166121 -0.985867 0.0217019
  outer loop
  vertex 235.611 385 -324.47
  vertex 230.001 1075 -325
  vertex 235.691 1075 -324.454
  endloop
 endfacet

 facet normal -0.166121 -0.985867 0.0217019
  outer loop
  vertex 235.691 1075 -324.454
  vertex 230.001 1075 -325
  vertex 235.611 385 -324.47
  endloop
 endfacet

 facet normal -nan -nan -nan
  outer loop
  vertex 230.001 377.638 -323.595
  vertex 230.001 385 -325
  vertex 235.611 385 -324.47
  endloop
 endfacet

 facet normal -nan -nan -nan
  outer loop
  vertex 235.611 385 -324.47
  vertex 230.001 385 -325
  vertex 230.001 377.638 -323.595
  endloop
 endfacet

 facet normal -nan -nan -nan
  outer loop
  vertex 230.001 370.858 -319.142
  vertex 230.001 377.638 -323.595
  vertex 235.611 385 -324.47
  endloop
 endfacet

 facet normal -nan -nan -nan
  outer loop
  vertex 235.611 385 -324.47
  vertex 230.001 377.638 -323.595
  vertex 230.001 370.858 -319.142
  endloop
 endfacet

 facet normal 0.054814 0.173269 0.983348
  outer loop
  vertex 236.611 366.444 -311.16
  vertex 230.001 370.858 -319.142
  vertex 235.611 385 -324.47
  endloop
 endfacet

 facet normal 0.054814 0.173269 0.983348
  outer loop
  vertex 235.611 385 -324.47
  vertex 230.001 370.858 -319.142
  vertex 236.611 366.444 -311.16
  endloop
 endfacet

 facet normal 0.00433842 0.791677 -0.610925
  outer loop
  vertex 230.001 370.858 -319.142
  vertex -58.7515 365 -305
  vertex -100.002 365 -305
  endloop
 endfacet

 facet normal 0.00433842 0.791677 -0.610925
  outer loop
  vertex -100.002 365 -305
  vertex -58.7515 365 -305
  vertex 230.001 370.858 -319.142
  endloop
 endfacet

 facet normal 0.0108343 0.173349 0.984801
  outer loop
  vertex 236.611 366.444 -311.16
  vertex 230.001 366.404 -312.361
  vertex 230.001 370.858 -319.142
  endloop
 endfacet

 facet normal 0.0108343 0.173349 0.984801
  outer loop
  vertex 230.001 370.858 -319.142
  vertex 230.001 366.404 -312.361
  vertex 236.611 366.444 -311.16
  endloop
 endfacet

 facet normal 0.00457237 0.889076 -0.457737
  outer loop
  vertex 230.001 370.858 -319.142
  vertex -17.5015 365 -305
  vertex -58.7515 365 -305
  endloop
 endfacet

 facet normal 0.00457237 0.889076 -0.457737
  outer loop
  vertex -58.7515 365 -305
  vertex -17.5015 365 -305
  vertex 230.001 370.858 -319.142
  endloop
 endfacet

 facet normal 0.00768219 0.999688 -0.0237693
  outer loop
  vertex 230.001 366.404 -312.361
  vertex 188.751 365 -305
  vertex 230.001 370.858 -319.142
  endloop
 endfacet

 facet normal 0.00768219 0.999688 -0.0237693
  outer loop
  vertex 230.001 370.858 -319.142
  vertex 188.751 365 -305
  vertex 230.001 366.404 -312.361
  endloop
 endfacet

 facet normal 0.00457237 0.889076 -0.457737
  outer loop
  vertex 230.001 370.858 -319.142
  vertex 23.7485 365 -305
  vertex -17.5015 365 -305
  endloop
 endfacet

 facet normal 0.00457237 0.889076 -0.457737
  outer loop
  vertex -17.5015 365 -305
  vertex 23.7485 365 -305
  vertex 230.001 370.858 -319.142
  endloop
 endfacet

 facet normal 0.00370344 0.889453 -0.457012
  outer loop
  vertex 230.001 370.858 -319.142
  vertex 188.751 365 -305
  vertex 147.499 365 -305
  endloop
 endfacet

 facet normal 0.00370344 0.889453 -0.457012
  outer loop
  vertex 147.499 365 -305
  vertex 188.751 365 -305
  vertex 230.001 370.858 -319.142
  endloop
 endfacet

 facet normal 0.00454036 0.881678 -0.471829
  outer loop
  vertex 230.001 370.858 -319.142
  vertex 64.9985 365 -305
  vertex 23.7485 365 -305
  endloop
 endfacet

 facet normal 0.00454036 0.881678 -0.471829
  outer loop
  vertex 23.7485 365 -305
  vertex 64.9985 365 -305
  vertex 230.001 370.858 -319.142
  endloop
 endfacet

 facet normal 0.00457237 0.889076 -0.457737
  outer loop
  vertex 230.001 370.858 -319.142
  vertex 147.499 365 -305
  vertex 106.248 365 -305
  endloop
 endfacet

 facet normal 0.00457237 0.889076 -0.457737
  outer loop
  vertex 106.248 365 -305
  vertex 147.499 365 -305
  vertex 230.001 370.858 -319.142
  endloop
 endfacet

 facet normal 0.00457237 0.889076 -0.457737
  outer loop
  vertex 230.001 370.858 -319.142
  vertex 106.248 365 -305
  vertex 64.9985 365 -305
  endloop
 endfacet

 facet normal 0.00457237 0.889076 -0.457737
  outer loop
  vertex 64.9985 365 -305
  vertex 106.248 365 -305
  vertex 230.001 370.858 -319.142
  endloop
 endfacet

 facet normal 0.0157381 -0.192257 0.981218
  outer loop
  vertex 236.611 366.444 -311.16
  vertex 235.611 385 -324.47
  vertex 239.111 370.786 -317.278
  endloop
 endfacet

 facet normal 0.0157381 -0.192257 0.981218
  outer loop
  vertex 239.111 370.786 -317.278
  vertex 235.611 385 -324.47
  vertex 236.611 366.444 -311.16
  endloop
 endfacet

 facet normal -0.101229 -0.636436 0.764658
  outer loop
  vertex 246.971 370.786 -312.069
  vertex 236.611 366.444 -311.16
  vertex 239.111 370.786 -317.278
  endloop
 endfacet

 facet normal -0.101229 -0.636436 0.764658
  outer loop
  vertex 239.111 370.786 -317.278
  vertex 236.611 366.444 -311.16
  vertex 246.971 370.786 -312.069
  endloop
 endfacet

 facet normal 0.000588496 0.460702 0.887555
  outer loop
  vertex 236.611 366.444 -311.16
  vertex 230.001 365 -305
  vertex 230.001 366.404 -312.361
  endloop
 endfacet

 facet normal 0.000588496 0.460702 0.887555
  outer loop
  vertex 230.001 366.404 -312.361
  vertex 230.001 365 -305
  vertex 236.611 366.444 -311.16
  endloop
 endfacet

 facet normal -0.21693 -0.867722 0.447214
  outer loop
  vertex 246.971 370.786 -312.069
  vertex 242.311 366.444 -307.381
  vertex 236.611 366.444 -311.16
  endloop
 endfacet

 facet normal -0.21693 -0.867722 0.447214
  outer loop
  vertex 236.611 366.444 -311.16
  vertex 242.311 366.444 -307.381
  vertex 246.971 370.786 -312.069
  endloop
 endfacet

 facet normal 0.0528497 0.919073 0.390528
  outer loop
  vertex 237.051 365 -302.091
  vertex 230.001 365 -305
  vertex 236.611 366.444 -311.16
  endloop
 endfacet

 facet normal 0.0528497 0.919073 0.390528
  outer loop
  vertex 236.611 366.444 -311.16
  vertex 230.001 365 -305
  vertex 237.051 365 -302.091
  endloop
 endfacet

 facet normal -0.138766 0.0220152 0.99008
  outer loop
  vertex 242.311 366.444 -307.381
  vertex 237.051 365 -302.091
  vertex 236.611 366.444 -311.16
  endloop
 endfacet

 facet normal -0.138766 0.0220152 0.99008
  outer loop
  vertex 236.611 366.444 -311.16
  vertex 237.051 365 -302.091
  vertex 242.311 366.444 -307.381
  endloop
 endfacet

 facet normal -0.162359 0.986504 0.0212105
  outer loop
  vertex 235.611 385 -324.47
  vertex 235.691 1075 -324.454
  vertex 241.021 385 -322.903
  endloop
 endfacet

 facet normal -0.162359 0.986504 0.0212105
  outer loop
  vertex 241.021 385 -322.903
  vertex 235.691 1075 -324.454
  vertex 235.611 385 -324.47
  endloop
 endfacet

 facet normal -0.184431 0.459006 0.869079
  outer loop
  vertex 240.751 377.174 -321.291
  vertex 235.611 385 -324.47
  vertex 241.021 385 -322.903
  endloop
 endfacet

 facet normal -0.184431 0.459006 0.869079
  outer loop
  vertex 241.021 385 -322.903
  vertex 235.611 385 -324.47
  vertex 240.751 377.174 -321.291
  endloop
 endfacet

 facet normal -0.142981 -0.197388 0.969842
  outer loop
  vertex 239.111 370.786 -317.278
  vertex 235.611 385 -324.47
  vertex 240.751 377.174 -321.291
  endloop
 endfacet

 facet normal -0.142981 -0.197388 0.969842
  outer loop
  vertex 240.751 377.174 -321.291
  vertex 235.611 385 -324.47
  vertex 239.111 370.786 -317.278
  endloop
 endfacet

 facet normal -0.488995 0.253678 -0.834585
  outer loop
  vertex 235.691 1075 -324.454
  vertex 230.001 1089.14 -319.142
  vertex 238.962 1089.21 -317.337
  endloop
 endfacet

 facet normal -0.488995 0.253678 -0.834585
  outer loop
  vertex 238.962 1089.21 -317.337
  vertex 230.001 1089.14 -319.142
  vertex 235.691 1075 -324.454
  endloop
 endfacet

 facet normal -0.169611 0.450245 -0.876648
  outer loop
  vertex 241.021 385 -322.903
  vertex 235.691 1075 -324.454
  vertex 241.171 1075 -322.841
  endloop
 endfacet

 facet normal -0.169611 0.450245 -0.876648
  outer loop
  vertex 241.171 1075 -322.841
  vertex 235.691 1075 -324.454
  vertex 241.021 385 -322.903
  endloop
 endfacet

 facet normal -0.699942 -0.569192 -0.431394
  outer loop
  vertex 235.691 1075 -324.454
  vertex 238.962 1089.21 -317.337
  vertex 240.581 1082.83 -321.361
  endloop
 endfacet

 facet normal -0.699942 -0.569192 -0.431394
  outer loop
  vertex 240.581 1082.83 -321.361
  vertex 238.962 1089.21 -317.337
  vertex 235.691 1075 -324.454
  endloop
 endfacet

 facet normal -0.544379 -0.27635 -0.792011
  outer loop
  vertex 235.691 1075 -324.454
  vertex 240.581 1082.83 -321.361
  vertex 241.171 1075 -322.841
  endloop
 endfacet

 facet normal -0.544379 -0.27635 -0.792011
  outer loop
  vertex 241.171 1075 -322.841
  vertex 240.581 1082.83 -321.361
  vertex 235.691 1075 -324.454
  endloop
 endfacet

 facet normal -0.639797 0.546811 -0.540054
  outer loop
  vertex 241.021 385 -322.903
  vertex 241.171 1075 -322.841
  vertex 246.531 1075 -320.033
  endloop
 endfacet

 facet normal -0.639797 0.546811 -0.540054
  outer loop
  vertex 246.531 1075 -320.033
  vertex 241.171 1075 -322.841
  vertex 241.021 385 -322.903
  endloop
 endfacet

 facet normal -0.962587 -0.250468 -0.103401
  outer loop
  vertex 241.171 1075 -322.841
  vertex 240.581 1082.83 -321.361
  vertex 246.531 1075 -320.033
  endloop
 endfacet

 facet normal -0.962587 -0.250468 -0.103401
  outer loop
  vertex 246.531 1075 -320.033
  vertex 240.581 1082.83 -321.361
  vertex 241.171 1075 -322.841
  endloop
 endfacet

 facet normal -0.2 0.894427 0.4
  outer loop
  vertex 240.751 377.174 -321.291
  vertex 241.021 385 -322.903
  vertex 246.391 385 -320.127
  endloop
 endfacet

 facet normal -0.2 0.894427 0.4
  outer loop
  vertex 246.391 385 -320.127
  vertex 241.021 385 -322.903
  vertex 240.751 377.174 -321.291
  endloop
 endfacet

 facet normal -0.446908 0.89458 0
  outer loop
  vertex 241.021 385 -322.903
  vertex 246.531 1075 -320.033
  vertex 246.391 385 -320.127
  endloop
 endfacet

 facet normal -0.446908 0.89458 0
  outer loop
  vertex 246.391 385 -320.127
  vertex 246.531 1075 -320.033
  vertex 241.021 385 -322.903
  endloop
 endfacet

 facet normal -0.830778 0.167737 0.530729
  outer loop
  vertex 240.751 377.174 -321.291
  vertex 246.391 385 -320.127
  vertex 250.021 377.174 -315.143
  endloop
 endfacet

 facet normal -0.830778 0.167737 0.530729
  outer loop
  vertex 250.021 377.174 -315.143
  vertex 246.391 385 -320.127
  vertex 240.751 377.174 -321.291
  endloop
 endfacet

 facet normal -0.44201 -0.610734 0.656987
  outer loop
  vertex 239.111 370.786 -317.278
  vertex 240.751 377.174 -321.291
  vertex 250.021 377.174 -315.143
  endloop
 endfacet

 facet normal -0.44201 -0.610734 0.656987
  outer loop
  vertex 250.021 377.174 -315.143
  vertex 240.751 377.174 -321.291
  vertex 239.111 370.786 -317.278
  endloop
 endfacet

 facet normal -0.534523 -0.801784 -0.267261
  outer loop
  vertex 250.021 377.174 -315.143
  vertex 246.391 385 -320.127
  vertex 251.152 385 -316.274
  endloop
 endfacet

 facet normal -0.534523 -0.801784 -0.267261
  outer loop
  vertex 251.152 385 -316.274
  vertex 246.391 385 -320.127
  vertex 250.021 377.174 -315.143
  endloop
 endfacet

 facet normal -0.999999 0.00170898 0
  outer loop
  vertex 246.391 385 -320.127
  vertex 246.531 1075 -320.033
  vertex 251.152 385 -316.274
  endloop
 endfacet

 facet normal -0.999999 0.00170898 0
  outer loop
  vertex 251.152 385 -316.274
  vertex 246.531 1075 -320.033
  vertex 246.391 385 -320.127
  endloop
 endfacet

 facet normal -0.308707 -0.924313 0.224377
  outer loop
  vertex 239.111 370.786 -317.278
  vertex 250.021 377.174 -315.143
  vertex 246.971 370.786 -312.069
  endloop
 endfacet

 facet normal -0.308707 -0.924313 0.224377
  outer loop
  vertex 246.971 370.786 -312.069
  vertex 250.021 377.174 -315.143
  vertex 239.111 370.786 -317.278
  endloop
 endfacet

 facet normal 0.248399 -0.957468 -0.14681
  outer loop
  vertex 255.031 385 -311.532
  vertex 250.021 377.174 -315.143
  vertex 251.152 385 -316.274
  endloop
 endfacet

 facet normal 0.248399 -0.957468 -0.14681
  outer loop
  vertex 251.152 385 -316.274
  vertex 250.021 377.174 -315.143
  vertex 255.031 385 -311.532
  endloop
 endfacet

 facet normal 0.0172766 -0.955057 -0.295917
  outer loop
  vertex 256.362 377.174 -305.58
  vertex 246.971 370.786 -312.069
  vertex 250.021 377.174 -315.143
  endloop
 endfacet

 facet normal 0.0172766 -0.955057 -0.295917
  outer loop
  vertex 250.021 377.174 -315.143
  vertex 246.971 370.786 -312.069
  vertex 256.362 377.174 -305.58
  endloop
 endfacet

 facet normal 0.679836 -0.637573 -0.362386
  outer loop
  vertex 256.362 377.174 -305.58
  vertex 250.021 377.174 -315.143
  vertex 255.031 385 -311.532
  endloop
 endfacet

 facet normal 0.679836 -0.637573 -0.362386
  outer loop
  vertex 255.031 385 -311.532
  vertex 250.021 377.174 -315.143
  vertex 256.362 377.174 -305.58
  endloop
 endfacet

 facet normal -0.351167 -0.936313 0
  outer loop
  vertex 252.342 370.786 -303.966
  vertex 242.311 366.444 -307.381
  vertex 246.971 370.786 -312.069
  endloop
 endfacet

 facet normal -0.351167 -0.936313 0
  outer loop
  vertex 246.971 370.786 -312.069
  vertex 242.311 366.444 -307.381
  vertex 252.342 370.786 -303.966
  endloop
 endfacet

 facet normal 0.00856828 -0.983333 -0.181613
  outer loop
  vertex 252.342 370.786 -303.966
  vertex 246.971 370.786 -312.069
  vertex 256.362 377.174 -305.58
  endloop
 endfacet

 facet normal 0.00856828 -0.983333 -0.181613
  outer loop
  vertex 256.362 377.174 -305.58
  vertex 246.971 370.786 -312.069
  vertex 252.342 370.786 -303.966
  endloop
 endfacet

 facet normal -0.246591 -0.847729 -0.469626
  outer loop
  vertex 252.342 370.786 -303.966
  vertex 246.202 366.444 -301.504
  vertex 242.311 366.444 -307.381
  endloop
 endfacet

 facet normal -0.246591 -0.847729 -0.469626
  outer loop
  vertex 242.311 366.444 -307.381
  vertex 246.202 366.444 -301.504
  vertex 252.342 370.786 -303.966
  endloop
 endfacet

 facet normal 0.3113 0.605159 -0.732717
  outer loop
  vertex 246.202 366.444 -301.504
  vertex 237.051 365 -302.091
  vertex 242.311 366.444 -307.381
  endloop
 endfacet

 facet normal 0.3113 0.605159 -0.732717
  outer loop
  vertex 242.311 366.444 -307.381
  vertex 237.051 365 -302.091
  vertex 246.202 366.444 -301.504
  endloop
 endfacet

 facet normal 0.0468076 0.997519 -0.052592
  outer loop
  vertex 240.001 365 -295
  vertex 230.001 365 -305
  vertex 237.051 365 -302.091
  endloop
 endfacet

 facet normal 0.0468076 0.997519 -0.052592
  outer loop
  vertex 237.051 365 -302.091
  vertex 230.001 365 -305
  vertex 240.001 365 -295
  endloop
 endfacet

 facet normal 0.212407 0.938782 -0.27124
  outer loop
  vertex 246.202 366.444 -301.504
  vertex 240.001 365 -295
  vertex 237.051 365 -302.091
  endloop
 endfacet

 facet normal 0.212407 0.938782 -0.27124
  outer loop
  vertex 237.051 365 -302.091
  vertex 240.001 365 -295
  vertex 246.202 366.444 -301.504
  endloop
 endfacet

 facet normal 0.00834727 0.999084 -0.0419581
  outer loop
  vertex 240.001 365 -295
  vertex 188.751 365 -305
  vertex 230.001 365 -305
  endloop
 endfacet

 facet normal 0.00834728 0.999084 -0.0419581
  outer loop
  vertex 230.001 365 -305
  vertex 188.751 365 -305
  vertex 240.001 365 -295
  endloop
 endfacet

 facet normal 0.00792026 0.99985 -0.01541
  outer loop
  vertex 240.001 365 -295
  vertex 142.857 365 -253.571
  vertex 188.751 365 -305
  endloop
 endfacet

 facet normal 0.00792026 0.99985 -0.01541
  outer loop
  vertex 188.751 365 -305
  vertex 142.857 365 -253.571
  vertex 240.001 365 -295
  endloop
 endfacet

 facet normal 0.647255 0.701119 -0.299156
  outer loop
  vertex 247.361 366.404 -295
  vertex 240.001 365 -295
  vertex 246.202 366.444 -301.504
  endloop
 endfacet

 facet normal 0.647255 0.701119 -0.299156
  outer loop
  vertex 246.202 366.444 -301.504
  vertex 240.001 365 -295
  vertex 247.361 366.404 -295
  endloop
 endfacet

 facet normal 0.00862796 0.999963 -0.000672899
  outer loop
  vertex 240.001 365 -295
  vertex 142.857 365 -202.142
  vertex 142.857 365 -253.571
  endloop
 endfacet

 facet normal 0.00862796 0.999963 -0.000672899
  outer loop
  vertex 142.857 365 -253.571
  vertex 142.857 365 -202.142
  vertex 240.001 365 -295
  endloop
 endfacet

 facet normal 0.46555 0.885012 -0.00410649
  outer loop
  vertex 247.361 366.404 -295
  vertex 240.001 365 45
  vertex 240.001 365 -295
  endloop
 endfacet

 facet normal 0.46555 0.885012 -0.00410649
  outer loop
  vertex 240.001 365 -295
  vertex 240.001 365 45
  vertex 247.361 366.404 -295
  endloop
 endfacet

 facet normal 0.00862796 0.999963 -0.000672899
  outer loop
  vertex 240.001 365 -295
  vertex 142.857 365 -150.714
  vertex 142.857 365 -202.142
  endloop
 endfacet

 facet normal 0.00862796 0.999963 -0.000672899
  outer loop
  vertex 142.857 365 -202.142
  vertex 142.857 365 -150.714
  vertex 240.001 365 -295
  endloop
 endfacet

 facet normal 0.017256 0.999851 -6.20929e-10
  outer loop
  vertex 240.001 365 45
  vertex 142.857 365 -99.285
  vertex 240.001 365 -295
  endloop
 endfacet

 facet normal 0.017256 0.999851 -6.20929e-10
  outer loop
  vertex 240.001 365 -295
  vertex 142.857 365 -99.285
  vertex 240.001 365 45
  endloop
 endfacet

 facet normal 0.00862796 0.999963 -0.000672899
  outer loop
  vertex 240.001 365 -295
  vertex 142.857 365 -99.285
  vertex 142.857 365 -150.714
  endloop
 endfacet

 facet normal 0.00862796 0.999963 -0.000672899
  outer loop
  vertex 142.857 365 -150.714
  vertex 142.857 365 -99.285
  vertex 240.001 365 -295
  endloop
 endfacet

 facet normal 0.00834728 0.999084 -0.0419581
  outer loop
  vertex 240.001 365 -295
  vertex 230.001 365 -305
  vertex 188.751 365 -305
  endloop
 endfacet

 facet normal 0.0468076 0.997519 -0.052592
  outer loop
  vertex 240.001 365 -295
  vertex 237.092 365 -302.05
  vertex 230.001 365 -305
  endloop
 endfacet

 facet normal 0.0112421 0.999818 -0.0154098
  outer loop
  vertex 240.001 365 -295
  vertex 188.751 365 -305
  vertex 240.001 365 -252.499
  endloop
 endfacet

 facet normal 0.234912 0.968223 -0.0857904
  outer loop
  vertex 246.161 363.557 -301.609
  vertex 237.092 365 -302.05
  vertex 240.001 365 -295
  endloop
 endfacet

 facet normal 0.141734 0.989904 0.00128078
  outer loop
  vertex 247.361 363.596 -295
  vertex 240.001 365 -295
  vertex 240.001 365 -252.499
  endloop
 endfacet

 facet normal 0.327092 0.943239 -0.0575443
  outer loop
  vertex 247.361 363.596 -295
  vertex 246.161 363.557 -301.609
  vertex 240.001 365 -295
  endloop
 endfacet

 facet normal 0.150709 0.97093 -0.185961
  outer loop
  vertex 242.382 363.557 -307.31
  vertex 233.721 365 -304.28
  vertex 237.092 365 -302.05
  endloop
 endfacet

 facet normal 0.0619853 0.992197 -0.108178
  outer loop
  vertex 237.092 365 -302.05
  vertex 233.721 365 -304.28
  vertex 230.001 365 -305
  endloop
 endfacet

 facet normal 0.314031 0.93027 -0.189689
  outer loop
  vertex 246.161 363.557 -301.609
  vertex 242.382 363.557 -307.31
  vertex 237.092 365 -302.05
  endloop
 endfacet

 facet normal 0.209617 0.845344 -0.491381
  outer loop
  vertex 242.382 363.557 -307.31
  vertex 238.962 359.214 -317.337
  vertex 236.501 363.557 -311.203
  endloop
 endfacet

 facet normal 0.158256 0.941842 -0.296461
  outer loop
  vertex 242.382 363.557 -307.31
  vertex 236.501 363.557 -311.203
  vertex 233.721 365 -304.28
  endloop
 endfacet

 facet normal 0.331084 0.779136 -0.532287
  outer loop
  vertex 247.072 359.214 -311.97
  vertex 238.962 359.214 -317.337
  vertex 242.382 363.557 -307.31
  endloop
 endfacet

 facet normal 0.44104 0.830511 -0.340198
  outer loop
  vertex 247.072 359.214 -311.97
  vertex 242.382 363.557 -307.31
  vertex 246.161 363.557 -301.609
  endloop
 endfacet

 facet normal 0.0629005 0.945721 -0.318833
  outer loop
  vertex 236.501 363.557 -311.203
  vertex 230.001 363.596 -312.361
  vertex 233.721 365 -304.28
  endloop
 endfacet

 facet normal 0.0178056 0.977587 -0.20978
  outer loop
  vertex 233.721 365 -304.28
  vertex 230.001 363.596 -312.361
  vertex 230.001 365 -305
  endloop
 endfacet

 facet normal -0.000392098 0.915645 0.401987
  outer loop
  vertex 230.001 365 -305
  vertex 188.751 365 -305
  vertex 230.001 366.404 -312.361
  endloop
 endfacet

 facet normal -0.000392098 0.915645 0.401987
  outer loop
  vertex 230.001 366.404 -312.361
  vertex 188.751 365 -305
  vertex 230.001 365 -305
  endloop
 endfacet

 facet normal -0.00690957 0.985682 -0.168471
  outer loop
  vertex 230.001 363.596 -312.361
  vertex 188.751 365 -305
  vertex 230.001 365 -305
  endloop
 endfacet

 facet normal 0.0361673 0.873774 -0.484985
  outer loop
  vertex 236.501 363.557 -311.203
  vertex 230.001 359.142 -319.142
  vertex 230.001 363.596 -312.361
  endloop
 endfacet

 facet normal -0.0105847 0.928096 -0.372191
  outer loop
  vertex 230.001 359.142 -319.142
  vertex 188.751 365 -305
  vertex 230.001 363.596 -312.361
  endloop
 endfacet

 facet normal 0.115753 0.786734 -0.606343
  outer loop
  vertex 238.962 359.214 -317.337
  vertex 230.001 359.142 -319.142
  vertex 236.501 363.557 -311.203
  endloop
 endfacet

 facet normal 0.152206 0.510565 -0.84626
  outer loop
  vertex 235.691 345 -324.454
  vertex 230.001 359.142 -319.142
  vertex 238.962 359.214 -317.337
  endloop
 endfacet

 facet normal 0.28494 0.376496 -0.88151
  outer loop
  vertex 235.691 345 -324.454
  vertex 238.962 359.214 -317.337
  vertex 240.581 352.827 -321.361
  endloop
 endfacet

 facet normal 0.370239 0.604071 -0.705706
  outer loop
  vertex 240.581 352.827 -321.361
  vertex 238.962 359.214 -317.337
  vertex 247.072 359.214 -311.97
  endloop
 endfacet

 facet normal 0.334611 0.145365 -0.931077
  outer loop
  vertex 235.691 345 -324.454
  vertex 240.581 352.827 -321.361
  vertex 241.171 345 -322.841
  endloop
 endfacet

 facet normal 0.447577 0.142661 -0.882792
  outer loop
  vertex 241.171 345 -322.841
  vertex 240.581 352.827 -321.361
  vertex 246.531 345 -320.033
  endloop
 endfacet

 facet normal 0.524721 0.5177 -0.675762
  outer loop
  vertex 240.581 352.827 -321.361
  vertex 247.072 359.214 -311.97
  vertex 250.141 352.827 -315.027
  endloop
 endfacet

 facet normal 0.548726 0.279854 -0.78777
  outer loop
  vertex 246.531 345 -320.033
  vertex 240.581 352.827 -321.361
  vertex 250.141 352.827 -315.027
  endloop
 endfacet

 facet normal 0.324939 0.0038593 -0.945727
  outer loop
  vertex 241.021 -345 -322.903
  vertex 235.691 345 -324.454
  vertex 241.171 345 -322.841
  endloop
 endfacet

 facet normal 0.436262 0.00126147 -0.899819
  outer loop
  vertex 241.021 -345 -322.903
  vertex 241.171 345 -322.841
  vertex 246.531 345 -320.033
  endloop
 endfacet

 facet normal 0.493158 -0.00118984 -0.869939
  outer loop
  vertex 241.021 -345 -322.903
  vertex 246.531 345 -320.033
  vertex 246.391 -345 -320.127
  endloop
 endfacet

 facet normal 0.604407 -0.00119323 -0.796675
  outer loop
  vertex 246.391 -345 -320.127
  vertex 246.531 345 -320.033
  vertex 251.152 -345 -316.274
  endloop
 endfacet

 facet normal 0.658554 0.00125972 -0.752532
  outer loop
  vertex 251.152 -345 -316.274
  vertex 246.531 345 -320.033
  vertex 251.271 345 -316.152
  endloop
 endfacet

 facet normal 0.656401 0.137892 -0.741703
  outer loop
  vertex 246.531 345 -320.033
  vertex 250.141 352.827 -315.027
  vertex 251.271 345 -316.152
  endloop
 endfacet

 facet normal 0.251633 -0.00211705 -0.96782
  outer loop
  vertex 235.611 -345 -324.47
  vertex 235.691 345 -324.454
  vertex 241.021 -345 -322.903
  endloop
 endfacet

 facet normal 0.30407 -0.134112 -0.943162
  outer loop
  vertex 240.751 -352.83 -321.291
  vertex 235.611 -345 -324.47
  vertex 241.021 -345 -322.903
  endloop
 endfacet

 facet normal 0.436361 -0.130298 -0.890287
  outer loop
  vertex 240.751 -352.83 -321.291
  vertex 241.021 -345 -322.903
  vertex 246.391 -345 -320.127
  endloop
 endfacet

 facet normal 0.527432 -0.267609 -0.80635
  outer loop
  vertex 240.751 -352.83 -321.291
  vertex 246.391 -345 -320.127
  vertex 250.021 -352.83 -315.143
  endloop
 endfacet

 facet normal 0.643672 -0.138289 -0.752703
  outer loop
  vertex 250.021 -352.83 -315.143
  vertex 246.391 -345 -320.127
  vertex 251.152 -345 -316.274
  endloop
 endfacet

 facet normal 0.741786 -0.138444 -0.656191
  outer loop
  vertex 255.031 -345 -311.532
  vertex 250.021 -352.83 -315.143
  vertex 251.152 -345 -316.274
  endloop
 endfacet

 facet normal 0.795648 -0.00127006 -0.605757
  outer loop
  vertex 255.122 345 -311.389
  vertex 255.031 -345 -311.532
  vertex 251.152 -345 -316.274
  endloop
 endfacet

 facet normal 0.754 0.00123226 -0.656874
  outer loop
  vertex 255.122 345 -311.389
  vertex 251.152 -345 -316.274
  vertex 251.271 345 -316.152
  endloop
 endfacet

 facet normal 0.752921 0.137702 -0.643543
  outer loop
  vertex 255.122 345 -311.389
  vertex 251.271 345 -316.152
  vertex 250.141 352.827 -315.027
  endloop
 endfacet

 facet normal 0.806052 0.266534 -0.528432
  outer loop
  vertex 256.292 352.827 -305.753
  vertex 255.122 345 -311.389
  vertex 250.141 352.827 -315.027
  endloop
 endfacet

 facet normal 0.863619 -0.0013916 -0.504144
  outer loop
  vertex 257.841 -345 -306.174
  vertex 255.031 -345 -311.532
  vertex 255.122 345 -311.389
  endloop
 endfacet

 facet normal 0.894901 0.129562 -0.427044
  outer loop
  vertex 256.292 352.827 -305.753
  vertex 257.901 345 -306.019
  vertex 255.122 345 -311.389
  endloop
 endfacet

 facet normal 0.900271 0.000859562 -0.435329
  outer loop
  vertex 257.901 345 -306.019
  vertex 257.841 -345 -306.174
  vertex 255.122 345 -311.389
  endloop
 endfacet

 facet normal 0.78699 -0.280727 -0.549399
  outer loop
  vertex 256.362 -352.83 -305.58
  vertex 250.021 -352.83 -315.143
  vertex 255.031 -345 -311.532
  endloop
 endfacet

 facet normal 0.877523 -0.143138 -0.457673
  outer loop
  vertex 256.362 -352.83 -305.58
  vertex 255.031 -345 -311.532
  vertex 257.841 -345 -306.174
  endloop
 endfacet

 facet normal 0.931162 -0.144525 -0.334738
  outer loop
  vertex 259.452 -345 -300.69
  vertex 256.362 -352.83 -305.58
  vertex 257.841 -345 -306.174
  endloop
 endfacet

 facet normal 0.949331 -0.00262677 -0.314267
  outer loop
  vertex 259.452 -345 -300.69
  vertex 257.841 -345 -306.174
  vertex 257.901 345 -306.019
  endloop
 endfacet

 facet normal 0.943182 0.136335 -0.30302
  outer loop
  vertex 259.471 345 -300.608
  vertex 257.901 345 -306.019
  vertex 256.292 352.827 -305.753
  endloop
 endfacet

 facet normal 0.970568 0.00562664 -0.24076
  outer loop
  vertex 259.471 345 -300.608
  vertex 259.452 -345 -300.69
  vertex 257.901 345 -306.019
  endloop
 endfacet

 facet normal 0.782661 0.497636 -0.373899
  outer loop
  vertex 252.281 359.214 -304.112
  vertex 256.292 352.827 -305.753
  vertex 250.141 352.827 -315.027
  endloop
 endfacet

 facet normal 0.901651 0.371175 -0.221935
  outer loop
  vertex 259.471 345 -300.608
  vertex 256.292 352.827 -305.753
  vertex 252.281 359.214 -304.112
  endloop
 endfacet

 facet normal 0.66025 0.614556 -0.43173
  outer loop
  vertex 252.281 359.214 -304.112
  vertex 250.141 352.827 -315.027
  vertex 247.072 359.214 -311.97
  endloop
 endfacet

 facet normal 0.607439 0.748434 -0.266205
  outer loop
  vertex 252.281 359.214 -304.112
  vertex 247.072 359.214 -311.97
  vertex 246.161 363.557 -301.609
  endloop
 endfacet

 facet normal 0.822017 0.546021 -0.161703
  outer loop
  vertex 259.471 345 -300.608
  vertex 252.281 359.214 -304.112
  vertex 246.161 363.557 -301.609
  endloop
 endfacet

 facet normal 0.815162 0.565243 -0.126535
  outer loop
  vertex 254.141 359.142 -295
  vertex 259.471 345 -300.608
  vertex 246.161 363.557 -301.609
  endloop
 endfacet

 facet normal 0.554411 0.830609 -0.052134
  outer loop
  vertex 254.141 359.142 -295
  vertex 246.161 363.557 -301.609
  vertex 247.361 363.596 -295
  endloop
 endfacet

 facet normal 0.918628 0.390122 -0.0626744
  outer loop
  vertex 258.591 352.362 -295
  vertex 259.471 345 -300.608
  vertex 254.141 359.142 -295
  endloop
 endfacet

 facet normal 0.488317 0.872646 0.00593748
  outer loop
  vertex 254.141 359.142 -295
  vertex 247.361 363.596 -295
  vertex 240.001 365 -125
  endloop
 endfacet

 facet normal 0.921992 0.387197 0.003109
  outer loop
  vertex 260.001 345 -125
  vertex 258.591 352.362 -295
  vertex 254.141 359.142 -295
  endloop
 endfacet

 facet normal 0.77738 0.629015 0.00441622
  outer loop
  vertex 260.001 345 -125
  vertex 254.141 359.142 -295
  vertex 240.001 365 -125
  endloop
 endfacet

 facet normal 0.135978 0.99071 0.00196567
  outer loop
  vertex 247.361 363.596 -295
  vertex 240.001 365 -252.499
  vertex 240.001 365 -210
  endloop
 endfacet

